Precipitation,Humidity,Temperature,Ground_water_level
0.0,64.87,20.63,42.08
0.0,63.15,21.04,42.1215
0.0,66.6,21.13,42.163
0.0,62.14,21.74,42.204499999999996
0.0,55.47,21.55,42.245999999999995
0.0,52.92,21.88,42.2875
0.01,55.46,21.5,42.329
0.01,65.1,21.66,42.3705
0.0,64.75,22.65,42.412
0.0,61.87,22.48,42.4535
0.0,61.11,21.99,42.495
0.0,56.68,22.13,42.5365
0.0,56.58,21.83,42.577999999999996
0.0,60.79,22.72,42.6195
0.0,59.83,22.91,42.661
0.0,59.97,23.15,42.7025
0.33,64.2,22.73,42.744
0.08,60.17,22.62,42.7855
0.0,57.69,22.85,42.827
0.0,59.5,23.1,42.8685
0.01,55.87,22.28,42.91
0.0,55.1,22.15,42.951499999999996
0.0,54.93,22.23,42.993
0.0,53.91,22.7,43.0345
0.0,54.76,23.35,43.076
0.0,49.83,22.47,43.1175
0.0,54.67,21.55,43.159
0.0,46.15,21.78,43.2005
0.0,48.71,22.19,43.242
0.0,48.89,22.8,43.2835
0.0,48.07,22.84,43.325
0.0,51.65,22.56,43.3665
0.0,54.88,23.48,43.408
0.0,45.52,23.25,43.4495
0.0,42.74,23.15,43.491
0.0,38.66,23.42,43.5325
0.0,33.62,23.16,43.574
0.0,34.17,22.49,43.6155
0.0,36.08,22.61,43.657
0.0,37.45,22.79,43.6985
0.0,43.71,24.36,43.74
0.0,48.21,23.82,43.7815
0.0,58.73,24.03,43.823
0.0,57.07,25.07,43.8645
0.0,50.94,25.44,43.906
0.0,52.86,25.14,43.9475
0.0,52.42,24.86,43.989
0.09,47.28,26.16,44.030499999999996
0.1,55.81,25.76,44.072
0.0,53.3,25.53,44.1135
0.0,53.48,25.39,44.155
0.14,49.35,25.8,44.1965
0.03,45.36,26.26,44.238
0.0,40.95,25.06,44.2795
0.09,49.77,24.59,44.321
0.03,55.77,25.29,44.3625
0.0,44.71,25.29,44.403999999999996
0.01,42.34,25.16,44.4455
0.0,50.05,25.94,44.487
0.13,53.91,26.11,44.5285
0.27,50.17,26.44,44.57
1.16,57.03,25.23,44.6115
1.98,58.91,25.62,44.653
0.67,54.74,26.07,44.6945
0.22,51.53,26.45,44.736
1.8,54.39,25.46,44.7775
0.16,49.23,25.25,44.819
0.57,48.74,25.32,44.8605
0.0,47.1,25.47,44.902
0.0,46.85,24.58,44.9435
0.0,40.07,24.69,44.985
0.0,37.44,24.89,45.0265
0.0,34.13,25.11,45.068
0.0,27.38,25.07,45.1095
0.0,31.03,25.48,45.151
0.0,28.83,25.92,45.1925
0.0,30.58,26.66,45.234
0.0,33.66,27.52,45.2755
0.06,40.5,28.18,45.317
0.02,42.22,28.3,45.3585
0.0,44.62,28.05,45.4
0.0,38.92,28.4,45.4415
0.0,32.02,27.0,45.483000000000004
0.0,28.77,26.92,45.5245
0.0,28.1,26.55,45.566
0.0,25.01,26.31,45.6075
0.0,23.56,26.9,45.649
0.0,23.99,27.39,45.6905
0.0,29.89,27.89,45.732
0.0,41.36,28.26,45.7735
0.13,43.9,28.51,45.815
0.06,42.03,29.22,45.856500000000004
0.0,30.37,29.31,45.898
0.0,29.95,28.1,45.9395
0.0,34.36,28.39,45.981
0.06,41.22,28.35,46.0225
0.2,43.03,28.2,46.064
5.56,61.66,26.49,46.1055
1.43,56.53,26.75,46.147
0.14,50.29,27.75,46.188500000000005
1.42,51.53,27.83,46.230000000000004
1.42,53.01,27.88,46.2715
1.33,52.12,28.12,46.313
2.29,56.75,27.58,46.3545
1.4,52.77,28.21,46.396
1.79,55.62,27.51,46.4375
0.73,53.85,28.05,46.479
0.65,49.78,28.87,46.5205
0.47,49.08,29.09,46.562
0.79,49.6,27.63,46.603500000000004
0.0,43.0,27.92,46.645
0.05,37.78,28.73,46.6865
0.08,46.36,28.94,46.728
0.16,53.97,28.62,46.7695
0.04,53.82,29.05,46.811
1.2,52.89,29.42,46.8525
0.36,53.31,28.78,46.894000000000005
0.0,57.31,27.81,46.935500000000005
0.02,53.64,28.2,46.977000000000004
0.91,52.12,28.38,47.0185
10.71,62.83,26.99,47.06
17.55,70.25,26.59,47.04467391304348
5.56,63.57,27.08,47.02934782608696
4.73,66.33,26.37,47.014021739130435
0.5,62.02,26.83,46.998695652173915
11.51,74.56,25.04,46.983369565217394
16.26,81.03,23.42,46.968043478260874
53.52,87.89,23.31,46.95271739130435
4.27,83.78,23.85,46.93739130434783
0.43,80.5,24.74,46.92206521739131
12.19,75.63,25.5,46.90673913043479
2.28,75.42,25.63,46.89141304347826
0.81,78.77,24.49,46.87608695652174
0.17,78.38,24.16,46.86076086956522
0.0,72.47,24.65,46.8454347826087
0.04,66.87,25.22,46.83010869565218
0.89,70.58,25.6,46.81478260869565
0.08,70.08,26.05,46.79945652173913
3.58,71.3,26.66,46.78413043478261
9.3,81.61,24.43,46.76880434782609
0.68,68.7,24.56,46.753478260869564
1.25,74.54,25.48,46.73815217391304
2.04,78.6,25.39,46.72282608695652
10.82,79.59,25.23,46.7075
2.39,79.0,24.38,46.69217391304348
0.11,75.31,25.12,46.676847826086956
0.61,71.16,26.18,46.661521739130436
7.78,77.89,25.77,46.646195652173915
15.36,82.77,24.13,46.630869565217395
1.08,82.47,24.45,46.61554347826087
8.39,78.82,25.65,46.60021739130435
1.88,77.92,25.87,46.58489130434783
21.72,85.37,24.44,46.56956521739131
2.62,83.87,23.83,46.55423913043478
0.57,78.06,24.75,46.53891304347826
4.35,82.51,24.79,46.52358695652174
9.47,86.25,24.21,46.50826086956522
4.65,85.99,23.56,46.4929347826087
4.33,81.34,24.13,46.47760869565217
3.3,82.36,23.66,46.46228260869565
6.29,86.04,23.69,46.44695652173913
4.84,80.22,23.74,46.43163043478261
6.44,79.18,23.69,46.416304347826085
3.91,80.23,23.38,46.400978260869564
1.06,80.36,23.84,46.385652173913044
0.51,74.57,23.22,46.370326086956524
4.72,82.62,23.44,46.355000000000004
4.15,81.79,23.45,46.33967391304348
3.99,80.98,24.1,46.32434782608696
5.37,82.18,24.07,46.309021739130436
4.74,82.32,24.04,46.293695652173916
12.15,83.09,23.82,46.27836956521739
4.85,78.23,23.79,46.26304347826087
2.93,80.56,24.02,46.24771739130435
1.53,79.83,24.31,46.23239130434783
0.75,76.02,24.48,46.2170652173913
0.1,73.09,25.08,46.20173913043478
0.01,78.09,24.86,46.18641304347826
2.6,81.46,24.51,46.17108695652174
3.38,78.84,24.02,46.15576086956522
25.46,87.0,23.41,46.14043478260869
6.51,88.69,23.22,46.12510869565217
0.54,81.99,23.19,46.10978260869565
0.2,78.93,23.85,46.09445652173913
1.45,77.94,24.27,46.079130434782606
8.71,83.26,23.74,46.063804347826085
1.62,80.86,22.84,46.048478260869565
6.8,81.61,21.73,46.033152173913045
1.53,79.5,21.88,46.01782608695652
12.46,80.7,21.89,46.0025
12.07,83.56,22.2,45.98717391304348
6.91,83.71,22.94,45.97184782608696
10.66,82.2,23.28,45.95652173913044
24.03,83.15,22.02,45.94119565217391
12.94,85.53,22.6,45.92586956521739
13.45,87.28,22.71,45.91054347826087
5.04,85.17,22.59,45.89521739130435
2.2,84.91,22.86,45.87989130434782
10.25,82.24,23.02,45.8645652173913
11.33,84.46,22.99,45.84923913043478
13.17,84.84,22.94,45.83391304347826
12.3,85.13,22.43,45.81858695652174
12.66,85.92,21.96,45.803260869565214
16.1,86.65,21.59,45.787934782608694
9.19,85.26,21.82,45.772608695652174
6.65,84.34,22.65,45.757282608695654
13.57,86.58,22.83,45.74195652173913
9.7,87.33,22.65,45.72663043478261
2.81,84.61,22.67,45.711304347826086
0.89,84.47,22.5,45.695978260869566
6.09,83.77,22.64,45.68065217391304
18.46,84.88,22.57,45.66532608695652
16.14,86.31,23.02,45.65
6.66,85.76,22.85,45.54304347826087
7.5,86.95,22.81,45.436086956521734
9.13,87.52,21.96,45.329130434782606
8.05,87.54,22.08,45.22217391304348
7.61,86.22,21.83,45.11521739130435
4.06,85.77,22.05,45.00826086956522
7.01,84.25,21.95,44.901304347826084
3.78,87.14,21.48,44.794347826086955
2.35,84.05,21.98,44.68739130434783
16.32,87.59,21.8,44.58043478260869
2.35,87.17,21.83,44.47347826086956
1.35,85.17,21.92,44.366521739130434
2.89,85.54,21.94,44.259565217391305
1.11,86.94,21.38,44.15260869565218
0.54,80.3,22.23,44.04565217391304
6.96,84.5,22.55,43.93869565217391
4.68,83.4,22.48,43.831739130434784
1.26,83.98,22.58,43.72478260869565
6.94,83.19,23.73,43.61782608695652
5.7,85.97,23.86,43.51086956521739
19.97,82.25,24.01,43.40391304347826
13.49,90.17,22.63,43.29695652173913
1.8,87.03,22.79,43.19
1.49,86.25,22.23,43.08304347826087
1.08,83.74,22.12,42.97608695652174
5.52,86.1,21.59,42.869130434782605
6.56,85.53,21.79,42.762173913043476
6.31,85.37,21.7,42.65521739130435
15.72,84.35,21.34,42.54826086956522
15.1,84.99,21.39,42.44130434782609
14.29,86.08,22.32,42.334347826086955
5.07,87.62,21.95,42.227391304347826
5.95,85.31,22.01,42.1204347826087
3.58,84.8,22.32,42.01347826086956
3.41,84.98,21.37,41.90652173913043
6.6,84.36,21.94,41.799565217391304
3.87,86.4,22.17,41.692608695652176
3.95,83.15,22.48,41.58565217391305
2.56,82.24,22.67,41.47869565217391
1.36,80.12,23.01,41.37173913043478
0.12,78.58,22.84,41.264782608695654
0.17,78.06,23.24,41.15782608695652
1.16,78.06,23.7,41.05086956521739
14.6,82.58,23.21,40.94391304347826
2.57,83.12,22.7,40.83695652173913
2.12,83.18,22.37,40.730000000000004
0.37,82.58,22.3,40.62304347826087
1.57,80.72,22.95,40.51608695652174
2.34,79.33,23.26,40.40913043478261
0.66,81.12,22.89,40.302173913043475
0.13,80.5,23.26,40.19521739130435
7.44,84.36,23.16,40.08826086956522
11.69,84.31,24.03,39.98130434782609
8.76,87.38,24.02,39.87434782608696
27.34,86.09,23.9,39.767391304347825
7.49,87.45,23.51,39.6604347826087
9.43,83.86,23.07,39.55347826086957
9.63,85.2,22.73,39.44652173913043
5.28,85.13,23.27,39.3395652173913
3.43,84.06,23.61,39.232608695652175
0.31,81.86,23.82,39.125652173913046
0.03,76.97,23.8,39.01869565217392
0.09,76.17,24.05,38.91173913043478
4.31,79.7,23.95,38.80478260869565
5.71,83.79,23.5,38.697826086956525
2.61,91.25,22.4,38.59086956521739
7.67,84.62,22.26,38.48391304347826
7.93,84.34,22.61,38.37695652173913
10.14,87.45,23.25,38.27
5.62,93.04,22.66,38.163043478260875
4.85,90.13,20.5,38.05608695652174
3.22,86.31,21.86,37.94913043478261
0.64,82.03,23.59,37.84217391304348
2.18,84.61,23.66,37.735217391304346
8.04,86.93,23.18,37.62826086956522
3.57,78.65,22.44,37.52130434782609
7.03,77.91,22.09,37.41434782608696
15.45,86.48,21.66,37.30739130434783
7.6,85.48,21.52,37.200434782608696
6.3,82.16,20.79,37.09347826086957
5.31,86.96,20.51,36.98652173913044
2.64,83.74,21.77,36.8795652173913
5.72,87.5,21.97,36.772608695652174
6.43,90.77,20.87,36.665652173913045
12.46,90.14,21.94,36.55869565217392
4.95,87.07,22.01,36.45173913043479
10.94,91.11,21.7,36.34478260869565
6.29,84.7,22.34,36.237826086956524
2.09,84.13,22.49,36.130869565217395
0.95,84.94,21.64,36.02391304347826
0.03,81.15,21.79,35.91695652173913
7.14,84.81,21.04,35.81
2.56,81.39,21.67,35.84967213114754
4.47,75.33,21.85,35.88934426229508
0.78,77.34,21.01,35.92901639344262
0.0,74.39,20.54,35.96868852459016
0.0,69.78,21.05,36.008360655737704
0.0,66.23,22.04,36.048032786885244
0.0,74.31,22.35,36.08770491803279
0.01,80.3,22.34,36.12737704918033
0.11,76.9,22.42,36.16704918032787
1.83,81.71,22.93,36.20672131147541
3.11,84.6,21.73,36.24639344262295
15.92,86.82,21.72,36.28606557377049
7.88,90.29,21.59,36.32573770491803
0.87,85.62,22.27,36.365409836065574
0.15,76.9,21.33,36.405081967213114
0.03,75.31,20.41,36.444754098360654
0.0,79.79,20.4,36.484426229508195
0.01,79.36,21.64,36.524098360655735
0.02,76.79,20.76,36.56377049180328
0.03,78.25,20.37,36.60344262295082
1.86,77.89,21.19,36.64311475409836
0.75,80.41,21.37,36.6827868852459
0.12,75.5,21.18,36.722459016393444
0.0,71.0,20.1,36.762131147540984
0.0,70.08,20.47,36.801803278688524
0.04,70.92,20.91,36.841475409836065
0.09,66.46,21.15,36.881147540983605
0.08,62.47,19.84,36.920819672131145
0.04,70.87,19.96,36.960491803278686
0.58,77.9,20.65,37.000163934426226
0.87,77.22,21.56,37.03983606557377
0.0,63.38,21.34,37.079508196721314
0.0,59.57,20.16,37.119180327868854
0.0,63.75,19.66,37.158852459016394
0.0,65.28,19.83,37.198524590163935
0.0,72.59,21.8,37.238196721311475
0.37,76.32,22.71,37.277868852459015
0.39,75.24,22.85,37.317540983606555
5.16,80.71,22.38,37.357213114754096
2.28,78.75,21.64,37.396885245901636
1.61,79.71,21.74,37.436557377049176
0.36,83.11,20.99,37.47622950819672
0.05,79.5,22.46,37.515901639344264
0.58,74.28,22.66,37.555573770491804
0.71,75.61,22.38,37.595245901639345
0.4,73.76,22.02,37.634918032786885
0.31,77.78,21.84,37.674590163934425
0.18,76.89,21.99,37.714262295081966
0.05,73.24,21.42,37.753934426229506
0.0,69.92,22.0,37.793606557377046
0.0,64.8,21.6,37.83327868852459
0.0,68.71,22.4,37.87295081967213
0.0,69.36,22.47,37.91262295081967
0.0,64.69,21.68,37.95229508196721
0.0,54.08,19.71,37.99196721311475
0.01,57.06,20.42,38.031639344262295
0.03,72.32,20.58,38.071311475409836
0.14,71.73,22.64,38.110983606557376
0.05,68.06,23.68,38.150655737704916
0.4,70.69,23.62,38.19032786885246
1.04,72.12,23.09,38.23
0.01,67.25,22.18,38.22391666666666
0.0,64.6,22.45,38.21783333333333
0.0,63.81,22.7,38.211749999999995
0.0,64.1,22.71,38.205666666666666
0.0,64.41,22.43,38.19958333333333
0.0,60.9,22.71,38.1935
0.0,64.84,22.28,38.187416666666664
0.0,66.85,22.24,38.18133333333333
0.0,55.1,21.52,38.17525
0.0,43.08,19.41,38.16916666666666
0.0,49.06,19.52,38.16308333333333
0.0,49.59,19.36,38.157
0.0,50.01,19.62,38.15091666666667
0.0,53.8,19.92,38.14483333333333
0.0,57.75,20.95,38.138749999999995
0.0,60.47,22.04,38.132666666666665
0.0,59.36,22.25,38.12658333333333
0.0,58.66,21.98,38.1205
0.0,59.05,21.86,38.11441666666666
0.0,59.35,21.39,38.108333333333334
0.01,51.32,20.83,38.10225
0.01,58.6,21.82,38.09616666666666
0.02,63.39,22.8,38.09008333333333
0.0,54.58,23.1,38.083999999999996
0.0,51.15,21.38,38.07791666666667
0.0,56.03,22.12,38.07183333333333
0.0,58.41,23.03,38.065749999999994
0.0,58.42,23.79,38.059666666666665
0.0,58.04,23.8,38.05358333333333
0.0,50.34,23.27,38.0475
0.0,51.83,22.8,38.04141666666666
0.0,49.81,22.3,38.035333333333334
0.0,48.62,21.77,38.02925
0.0,48.86,22.26,38.02316666666666
0.0,47.98,23.18,38.01708333333333
0.0,43.67,23.36,38.010999999999996
0.0,47.44,23.32,38.00491666666667
0.0,48.08,22.91,37.99883333333333
0.0,43.77,23.0,37.99275
0.0,44.2,22.52,37.986666666666665
0.0,44.32,23.73,37.98058333333333
0.0,48.9,24.47,37.9745
0.03,46.55,24.67,37.96841666666666
0.01,38.99,24.82,37.96233333333333
0.0,39.31,24.4,37.95625
0.0,41.33,23.54,37.95016666666667
0.0,37.83,23.86,37.94408333333333
0.0,35.59,23.71,37.937999999999995
0.0,40.3,24.16,37.931916666666666
0.0,37.59,23.2,37.92583333333333
0.0,37.38,22.86,37.91975
0.0,38.86,23.22,37.913666666666664
0.0,32.3,22.83,37.907583333333335
0.0,27.94,23.33,37.9015
0.0,37.58,24.63,37.89541666666666
0.0,50.73,25.68,37.88933333333333
0.0,49.95,26.58,37.88325
0.41,57.75,25.54,37.87716666666667
0.28,57.75,25.83,37.87108333333333
0.97,53.08,26.65,37.864999999999995
3.6,59.61,25.81,37.858916666666666
1.35,59.33,25.63,37.85283333333333
0.0,47.46,27.28,37.84675
8.08,60.29,26.27,37.840666666666664
2.92,65.46,25.06,37.834583333333335
0.41,60.93,24.95,37.8285
0.19,55.53,25.05,37.82241666666666
0.12,46.16,24.7,37.81633333333333
0.0,42.22,24.27,37.810249999999996
0.0,47.39,25.65,37.80416666666667
0.03,46.49,25.77,37.79808333333333
0.15,46.24,25.66,37.792
5.45,61.24,25.45,37.785916666666665
7.31,65.68,24.54,37.77983333333333
0.08,49.67,24.92,37.77375
0.0,44.38,25.47,37.76766666666666
0.0,42.22,25.69,37.761583333333334
0.0,36.93,25.31,37.7555
0.0,37.24,25.19,37.74941666666667
0.0,34.61,25.83,37.74333333333333
0.0,42.93,27.32,37.737249999999996
0.0,44.01,28.07,37.73116666666667
0.0,42.67,27.06,37.72508333333333
0.0,42.17,25.92,37.719
0.01,36.46,25.86,37.712916666666665
0.02,33.8,26.28,37.706833333333336
0.08,43.24,27.23,37.70075
0.18,44.57,27.8,37.69466666666666
0.61,53.93,26.93,37.688583333333334
1.91,57.88,26.86,37.6825
0.34,56.25,27.61,37.67641666666667
3.56,61.19,27.17,37.67033333333333
0.45,54.97,28.24,37.66425
0.01,56.1,27.81,37.658166666666666
0.19,55.3,27.97,37.65208333333333
0.6,54.55,28.22,37.646
0.28,52.94,27.44,37.639916666666664
1.38,42.87,27.58,37.633833333333335
3.49,58.23,27.18,37.62775
1.55,66.87,25.36,37.62166666666667
4.86,65.44,24.95,37.61558333333333
6.72,74.41,23.51,37.6095
5.35,72.01,24.15,37.60341666666667
10.12,74.27,24.55,37.59733333333333
6.04,73.85,23.93,37.59125
3.45,62.18,25.48,37.585166666666666
0.44,61.41,26.29,37.57908333333333
0.81,67.5,25.73,37.573
0.65,57.89,27.33,37.566916666666664
4.14,63.02,26.51,37.560833333333335
4.45,67.87,25.61,37.55475
5.47,70.17,25.35,37.54866666666667
10.34,68.86,26.0,37.54258333333333
17.51,83.49,23.48,37.5365
3.44,68.0,25.15,37.53041666666667
0.28,63.61,25.7,37.52433333333333
0.07,60.01,26.72,37.51825
0.37,60.04,27.5,37.512166666666666
1.45,65.36,26.71,37.506083333333336
7.57,62.01,27.23,37.5
4.66,71.32,25.76,37.52391304347826
0.92,65.86,26.27,37.54782608695652
1.57,66.52,26.24,37.571739130434786
0.39,68.48,25.87,37.595652173913045
0.72,71.5,25.31,37.619565217391305
6.85,73.5,25.42,37.643478260869564
3.46,77.31,25.18,37.667391304347824
1.74,78.17,25.04,37.69130434782609
2.81,72.97,25.07,37.71521739130435
4.99,69.04,24.51,37.73913043478261
8.06,65.31,24.86,37.76304347826087
11.49,77.6,23.8,37.78695652173913
2.84,72.41,24.82,37.810869565217395
19.59,81.4,24.71,37.834782608695654
16.72,85.55,23.93,37.858695652173914
14.01,82.91,23.65,37.88260869565217
2.05,79.53,24.23,37.90652173913043
2.71,76.33,25.02,37.9304347826087
0.34,75.47,25.6,37.95434782608696
0.02,73.79,25.22,37.97826086956522
0.16,74.29,24.88,38.00217391304348
0.83,80.69,23.58,38.02608695652174
3.9,73.82,24.57,38.05
0.42,73.14,25.79,38.073913043478264
0.04,71.43,25.86,38.09782608695652
7.95,79.3,24.62,38.12173913043478
2.7,75.75,22.48,38.14565217391304
4.32,76.34,24.74,38.1695652173913
1.2,73.49,25.86,38.19347826086957
9.7,79.23,25.1,38.21739130434783
3.27,79.75,24.67,38.24130434782609
0.62,81.59,24.17,38.26521739130435
6.62,83.11,23.9,38.28913043478261
15.19,85.96,23.91,38.31304347826087
3.93,84.58,23.78,38.33695652173913
0.35,75.51,24.63,38.36086956521739
0.91,76.11,24.33,38.38478260869565
0.81,77.0,23.63,38.40869565217391
1.05,81.22,23.51,38.43260869565218
0.69,78.29,24.03,38.45652173913044
5.18,80.39,24.07,38.4804347826087
0.69,82.36,22.87,38.504347826086956
3.14,76.39,23.83,38.528260869565216
0.44,74.26,23.21,38.55217391304348
3.51,73.61,22.9,38.57608695652174
1.18,74.03,22.7,38.6
3.81,77.95,22.63,38.62391304347826
2.73,76.66,23.12,38.64782608695652
6.18,80.84,23.3,38.67173913043479
6.74,79.14,23.66,38.69565217391305
14.58,82.46,23.45,38.719565217391306
2.93,81.58,23.81,38.743478260869566
14.42,84.33,23.95,38.767391304347825
4.38,82.28,23.88,38.79130434782609
9.96,84.49,23.73,38.81521739130435
9.26,81.36,23.16,38.83913043478261
1.12,80.51,23.75,38.86304347826087
0.93,82.86,23.77,38.88695652173913
2.96,81.07,24.09,38.910869565217396
0.8,74.59,23.92,38.934782608695656
0.3,76.93,24.16,38.958695652173915
0.19,75.95,24.26,38.982608695652175
0.43,76.67,24.57,39.006521739130434
1.31,77.92,24.56,39.0304347826087
1.09,76.25,24.68,39.05434782608696
0.84,74.72,24.09,39.07826086956522
0.75,76.9,23.27,39.10217391304348
2.68,75.91,24.05,39.12608695652174
2.5,76.36,24.51,39.150000000000006
3.11,81.49,23.85,39.173913043478265
1.92,80.77,23.78,39.197826086956525
0.53,73.54,24.56,39.221739130434784
0.14,73.74,24.54,39.245652173913044
0.7,74.2,24.83,39.2695652173913
1.41,80.42,23.92,39.29347826086957
2.32,76.7,24.15,39.31739130434783
6.76,79.42,23.27,39.34130434782609
7.49,81.17,23.14,39.36521739130435
4.37,81.84,22.35,39.38913043478261
4.61,79.82,23.21,39.413043478260875
3.31,82.21,23.41,39.436956521739134
2.38,81.45,23.5,39.46086956521739
4.12,78.6,23.02,39.48478260869565
1.42,76.84,22.86,39.50869565217391
2.26,78.84,22.39,39.53260869565218
0.99,77.08,22.33,39.55652173913044
1.97,74.05,22.89,39.5804347826087
0.37,70.26,24.02,39.60434782608696
0.15,71.61,24.06,39.62826086956522
0.09,70.58,24.25,39.652173913043484
0.26,74.93,23.69,39.67608695652174
0.51,74.48,23.57,39.7
0.9,77.83,23.09,39.50217391304348
2.67,80.23,23.29,39.30434782608696
1.89,75.04,23.94,39.106521739130436
3.08,74.42,22.93,38.90869565217392
2.4,75.32,23.76,38.71086956521739
2.92,75.15,24.32,38.51304347826087
2.1,75.88,24.02,38.31521739130435
1.54,76.76,23.86,38.11739130434783
2.73,77.2,24.07,37.91956521739131
2.53,79.99,23.64,37.721739130434784
1.77,75.48,24.14,37.52391304347827
3.44,78.34,23.76,37.32608695652174
0.51,73.35,24.47,37.12826086956522
3.04,75.27,24.55,36.9304347826087
8.39,81.16,23.77,36.732608695652175
4.75,81.33,23.64,36.53478260869566
1.7,73.9,25.31,36.33695652173913
1.33,75.02,25.02,36.13913043478261
1.55,72.78,25.12,35.94130434782609
8.75,79.58,24.1,35.743478260869566
10.98,77.27,23.63,35.54565217391305
3.51,73.19,23.39,35.34782608695652
0.64,70.52,23.55,35.150000000000006
0.21,70.55,24.13,34.95217391304348
0.22,74.37,24.01,34.754347826086956
1.3,77.32,23.82,34.55652173913044
0.23,71.3,24.36,34.358695652173914
0.05,71.01,24.82,34.160869565217396
0.04,68.7,25.14,33.96304347826087
0.68,71.58,24.58,33.76521739130435
0.48,67.89,25.11,33.56739130434783
0.15,65.59,25.17,33.369565217391305
0.09,69.67,25.12,33.17173913043479
3.03,75.23,25.0,32.97391304347826
2.34,76.11,24.53,32.77608695652174
3.79,81.63,23.58,32.57826086956522
9.56,82.58,22.73,32.380434782608695
1.14,77.17,22.13,32.18260869565218
0.56,74.83,23.31,31.984782608695653
1.35,77.44,23.03,31.786956521739132
0.27,75.0,23.51,31.58913043478261
0.44,70.33,24.45,31.39130434782609
0.27,69.35,24.42,31.19347826086957
0.68,70.42,23.92,30.995652173913044
0.41,71.28,23.97,30.797826086956526
1.99,73.99,23.88,30.6
0.68,72.89,23.22,30.40217391304348
0.43,74.53,24.04,30.20434782608696
0.93,71.65,24.76,30.006521739130434
1.67,76.03,23.81,29.808695652173917
0.11,69.26,24.04,29.610869565217392
0.6,63.25,25.77,29.41304347826087
3.07,75.7,24.82,29.21521739130435
20.07,79.86,24.44,29.017391304347825
2.68,72.04,25.34,28.819565217391307
2.32,80.29,24.31,28.621739130434783
10.61,79.71,24.02,28.42391304347826
7.64,83.69,23.43,28.22608695652174
13.39,86.4,23.2,28.02826086956522
5.92,79.6,23.63,27.830434782608698
2.49,82.67,23.12,27.632608695652173
2.34,78.93,23.86,27.434782608695656
0.79,74.61,24.64,27.23695652173913
5.36,78.5,24.3,27.03913043478261
14.25,85.22,22.8,26.84130434782609
1.87,76.52,22.69,26.643478260869564
2.57,79.66,23.04,26.445652173913047
4.71,78.34,23.18,26.247826086956522
2.44,81.08,23.19,26.05
2.74,80.37,23.66,25.85217391304348
12.45,81.42,23.83,25.65434782608696
5.17,78.04,24.09,25.456521739130437
0.46,73.44,24.67,25.258695652173913
0.4,68.3,24.2,25.060869565217395
0.5,64.34,23.76,24.86304347826087
0.04,63.57,24.54,24.66521739130435
0.12,66.84,24.35,24.467391304347828
0.27,70.56,24.45,24.269565217391303
0.07,69.42,24.87,24.071739130434786
0.32,68.52,25.32,23.87391304347826
0.4,71.1,24.33,23.67608695652174
0.1,66.97,24.48,23.47826086956522
0.05,54.28,24.31,23.280434782608697
0.28,59.89,24.31,23.082608695652176
0.42,58.77,23.25,22.88478260869565
0.06,63.18,23.25,22.68695652173913
0.76,61.4,24.22,22.48913043478261
13.98,78.33,23.04,22.291304347826088
2.61,70.06,24.14,22.093478260869567
1.16,65.31,24.87,21.895652173913046
2.21,77.52,24.03,21.69782608695652
9.64,81.5,23.59,21.5
12.73,84.77,22.42,22.078688524590163
10.76,85.45,22.72,22.657377049180326
3.37,82.04,22.64,23.236065573770492
13.71,83.78,23.08,23.814754098360655
1.98,77.63,23.29,24.39344262295082
2.93,77.17,23.25,24.972131147540985
2.77,82.27,22.78,25.550819672131148
23.56,85.32,22.37,26.12950819672131
19.31,92.04,19.67,26.708196721311474
5.11,93.82,20.67,27.286885245901637
4.84,86.54,22.33,27.865573770491803
1.78,83.03,21.51,28.444262295081966
0.29,80.52,19.99,29.02295081967213
3.68,88.01,20.17,29.601639344262296
1.75,87.74,21.43,30.18032786885246
0.39,83.5,22.2,30.75901639344262
3.21,87.82,22.02,31.337704918032784
4.5,89.31,22.1,31.916393442622947
3.76,87.04,22.25,32.49508196721311
0.96,85.81,21.66,33.07377049180327
7.14,91.02,20.97,33.652459016393436
4.7,89.71,21.28,34.231147540983606
1.67,86.02,22.15,34.80983606557377
0.08,76.4,20.79,35.38852459016393
0.01,73.71,20.14,35.967213114754095
0.0,81.69,21.72,36.54590163934426
0.03,77.13,22.05,37.12459016393443
9.12,82.3,21.22,37.70327868852459
2.25,85.82,21.63,38.281967213114754
1.22,83.85,21.82,38.86065573770492
2.1,87.35,21.47,39.43934426229508
0.25,82.57,22.45,40.01803278688524
0.21,79.56,22.22,40.596721311475406
4.88,83.49,21.68,41.17540983606557
2.75,88.05,21.57,41.75409836065573
2.35,84.49,22.35,42.332786885245895
3.35,78.75,20.76,42.91147540983606
1.38,85.03,21.29,43.49016393442623
0.88,84.84,23.02,44.06885245901639
0.21,80.02,23.34,44.647540983606554
0.47,82.6,23.06,45.22622950819672
0.4,78.38,23.19,45.80491803278688
1.54,79.12,23.16,46.38360655737705
0.49,79.42,23.11,46.96229508196721
0.1,71.87,22.08,47.540983606557376
0.01,74.04,21.02,48.11967213114754
0.0,77.64,22.43,48.6983606557377
0.06,75.27,22.58,49.277049180327865
0.02,75.51,22.15,49.85573770491803
0.0,67.38,22.08,50.43442622950819
0.0,62.91,20.93,51.01311475409835
0.0,67.4,20.99,51.591803278688516
0.0,65.71,21.14,52.17049180327868
0.0,67.93,20.86,52.74918032786885
0.0,67.76,20.99,53.32786885245901
0.0,72.49,21.43,53.906557377049175
0.0,66.17,21.06,54.48524590163934
0.0,64.25,20.55,55.0639344262295
0.0,54.01,20.82,55.642622950819664
0.0,65.77,19.7,56.221311475409834
0.0,64.16,19.35,56.8
0.0,57.76,19.47,56.67586776859504
0.0,54.27,19.58,56.55173553719008
0.0,55.89,19.49,56.42760330578512
0.0,57.16,19.74,56.30347107438016
0.0,61.05,20.72,56.179338842975206
0.0,64.01,21.01,56.05520661157025
0.0,64.84,21.07,55.931074380165285
0.0,57.14,21.42,55.80694214876033
0.0,54.37,20.73,55.68280991735537
0.0,54.57,20.54,55.558677685950414
0.0,57.64,21.01,55.43454545454545
0.0,63.82,20.3,55.31041322314049
0.0,54.36,21.35,55.186280991735536
0.0,59.96,20.92,55.06214876033058
0.0,61.57,21.71,54.938016528925615
0.0,59.26,22.47,54.81388429752066
0.02,61.71,22.82,54.6897520661157
0.02,66.0,23.55,54.565619834710745
0.16,67.31,23.87,54.44148760330578
2.14,69.72,24.16,54.317355371900824
1.95,70.06,23.26,54.19322314049587
0.18,63.81,23.72,54.06909090909091
0.06,64.48,24.31,53.944958677685946
0.03,63.43,24.86,53.82082644628099
0.01,60.93,25.03,53.69669421487603
0.0,57.79,24.54,53.572561983471076
0.0,55.98,23.68,53.44842975206611
0.0,47.23,23.48,53.324297520661155
0.0,48.46,22.6,53.2001652892562
0.0,46.54,22.43,53.07603305785124
0.0,39.34,22.23,52.95190082644628
0.0,36.64,22.5,52.82776859504132
0.0,39.06,22.49,52.70363636363636
0.0,43.13,22.48,52.579504132231406
0.0,45.6,22.57,52.45537190082644
0.0,51.18,23.65,52.331239669421485
0.0,53.8,25.25,52.20710743801653
0.0,56.06,25.77,52.08297520661157
0.01,54.45,25.39,51.95884297520661
0.07,50.16,25.64,51.83471074380165
0.06,54.76,25.76,51.710578512396694
0.0,55.4,25.25,51.58644628099174
0.01,45.91,25.03,51.46231404958677
0.0,46.01,24.56,51.338181818181816
0.0,43.41,24.16,51.21404958677686
0.0,51.1,25.16,51.0899173553719
0.0,48.03,25.1,50.96578512396694
0.0,52.65,25.46,50.84165289256198
0.0,47.94,25.05,50.717520661157025
0.0,45.24,26.74,50.59338842975207
0.02,46.71,27.55,50.469256198347104
0.01,41.97,27.51,50.34512396694215
0.01,37.38,26.54,50.22099173553719
0.01,43.02,26.91,50.09685950413223
0.06,44.27,28.02,49.97272727272727
0.02,48.8,26.96,49.84859504132231
0.01,47.88,25.92,49.724462809917355
0.04,48.15,26.87,49.6003305785124
0.09,48.17,25.21,49.476198347107434
0.0,49.23,25.85,49.35206611570248
0.0,50.62,25.22,49.22793388429752
0.01,42.15,26.37,49.103801652892564
0.01,38.41,25.9,48.9796694214876
0.01,36.94,26.23,48.85553719008264
0.49,41.83,26.6,48.731404958677686
0.44,41.81,26.62,48.60727272727273
0.0,40.68,27.19,48.48314049586777
0.0,44.2,26.49,48.35900826446281
0.0,46.05,26.25,48.23487603305785
0.0,39.21,28.15,48.110743801652895
0.03,48.31,28.09,47.98661157024793
0.05,51.78,28.53,47.862479338842974
0.55,51.27,28.65,47.73834710743802
4.11,54.91,27.54,47.61421487603306
0.82,51.37,28.12,47.4900826446281
1.0,50.58,28.46,47.36595041322314
0.0,42.16,29.17,47.24181818181818
0.0,42.16,29.27,47.117685950413225
0.0,41.07,29.51,46.99355371900826
0.0,38.72,29.91,46.869421487603304
0.01,49.58,29.2,46.74528925619835
0.04,50.01,29.38,46.62115702479339
0.01,40.12,29.95,46.497024793388434
0.0,34.02,28.58,46.37289256198347
0.0,32.1,28.08,46.24876033057851
0.0,34.14,27.82,46.124628099173556
0.0,38.41,28.75,46.00049586776859
0.02,45.07,29.07,45.876363636363635
0.04,41.96,29.14,45.75223140495868
0.01,43.49,28.78,45.62809917355372
0.01,39.15,29.21,45.503966942148764
0.02,39.01,29.81,45.3798347107438
0.01,39.5,30.04,45.255702479338844
0.11,35.2,29.7,45.13157024793389
0.34,39.65,29.16,45.00743801652892
0.82,47.22,29.29,44.883305785123966
1.32,48.22,29.86,44.75917355371901
1.77,56.27,28.84,44.63504132231405
3.25,66.04,26.95,44.510909090909095
0.21,54.39,28.55,44.38677685950413
0.03,50.24,29.56,44.262644628099174
0.02,51.33,29.91,44.13851239669422
0.13,51.94,29.91,44.01438016528925
0.09,50.08,30.5,43.8902479338843
0.02,53.06,30.22,43.76611570247934
0.01,50.43,30.09,43.64198347107438
0.0,46.18,30.54,43.517851239669426
0.0,42.84,30.51,43.39371900826446
0.01,43.73,30.5,43.269586776859505
0.05,45.12,30.69,43.14545454545455
1.88,50.82,29.95,43.021322314049584
1.1,49.33,29.93,42.89719008264463
0.11,46.91,30.29,42.77305785123967
0.01,42.28,30.7,42.64892561983471
1.46,47.43,30.22,42.52479338842976
1.46,54.31,29.09,42.40066115702479
0.0,46.61,28.88,42.276528925619836
0.0,47.32,29.21,42.15239669421488
0.0,41.88,29.84,42.028264462809915
0.0,40.29,29.87,41.90413223140496
0.0,44.38,30.18,41.78
0.49,45.67,30.6,41.772608695652174
1.66,47.98,30.09,41.76521739130435
0.32,50.41,29.63,41.75782608695652
1.38,55.87,28.56,41.7504347826087
15.1,68.98,27.13,41.74304347826087
8.16,71.41,26.64,41.735652173913046
5.6,73.18,26.21,41.72826086956522
0.82,64.94,26.83,41.72086956521739
5.51,67.45,26.34,41.713478260869564
5.86,70.17,25.18,41.70608695652174
1.86,64.05,26.27,41.69869565217392
1.51,63.85,27.62,41.69130434782609
4.39,66.91,27.51,41.68391304347826
2.02,61.4,27.41,41.676521739130436
2.23,66.31,26.22,41.66913043478261
6.42,64.83,25.92,41.66173913043478
3.63,81.13,24.61,41.654347826086955
10.0,78.22,25.17,41.646956521739135
0.67,75.32,24.59,41.63956521739131
0.02,68.48,26.14,41.63217391304348
0.03,65.23,27.03,41.624782608695654
0.02,64.2,27.54,41.61739130434783
0.05,63.31,27.74,41.61
1.61,68.16,26.51,41.60260869565217
0.52,74.77,25.42,41.59521739130435
2.79,69.22,25.86,41.587826086956525
5.83,77.26,25.15,41.5804347826087
4.4,74.11,25.07,41.57304347826087
2.73,73.51,25.07,41.565652173913044
5.21,72.03,25.48,41.55826086956522
13.31,79.64,24.79,41.55086956521739
8.61,81.88,24.34,41.54347826086957
3.35,79.6,24.76,41.53608695652174
7.3,76.78,24.91,41.528695652173916
8.2,74.61,24.95,41.52130434782609
3.57,74.47,25.07,41.51391304347826
4.19,82.47,24.7,41.506521739130434
7.5,81.33,23.97,41.49913043478261
2.41,78.57,23.79,41.49173913043479
2.74,78.41,23.57,41.48434782608696
5.51,78.2,23.88,41.47695652173913
0.48,72.99,24.05,41.469565217391306
2.56,75.88,23.5,41.46217391304348
1.42,73.22,24.11,41.45478260869565
0.69,72.49,24.18,41.447391304347825
3.07,75.13,24.54,41.44
7.41,79.69,23.62,41.43260869565218
3.56,76.73,23.33,41.42521739130435
1.29,77.38,22.91,41.417826086956524
2.01,80.11,22.99,41.4104347826087
1.65,80.42,22.51,41.40304347826087
9.36,79.76,22.06,41.39565217391304
5.43,80.29,21.39,41.388260869565215
1.24,73.03,22.74,41.380869565217395
1.5,73.62,22.9,41.37347826086957
2.52,79.64,23.25,41.36608695652174
7.85,82.32,22.87,41.358695652173914
9.92,84.2,22.84,41.35130434782609
6.14,85.08,22.72,41.34391304347826
3.02,81.76,22.9,41.33652173913043
1.19,78.67,23.4,41.32913043478261
0.59,76.36,23.52,41.321739130434786
1.71,77.74,23.41,41.31434782608696
5.28,78.89,23.26,41.30695652173913
2.35,80.06,23.86,41.299565217391304
7.0,84.28,23.45,41.29217391304348
2.64,80.73,22.81,41.28478260869565
2.3,80.7,23.54,41.27739130434783
5.39,81.72,23.43,41.27
4.34,78.48,23.85,41.262608695652176
2.55,79.02,23.56,41.25521739130435
2.53,79.46,23.27,41.24782608695652
1.26,77.03,23.74,41.240434782608695
1.89,76.41,24.08,41.23304347826087
4.88,78.52,24.11,41.22565217391305
11.43,82.88,23.12,41.21826086956522
7.7,83.15,22.76,41.21086956521739
10.38,81.78,22.41,41.203478260869566
1.03,81.81,22.12,41.19608695652174
1.46,77.78,23.3,41.18869565217391
2.36,80.78,22.45,41.181304347826085
2.46,79.8,22.57,41.173913043478265
1.59,78.6,23.33,41.16652173913044
3.2,80.67,22.96,41.15913043478261
10.26,80.86,23.14,41.151739130434784
7.65,83.84,22.55,41.14434782608696
8.55,82.34,22.78,41.13695652173913
23.39,85.14,22.69,41.1295652173913
1.66,80.51,23.06,41.12217391304348
3.75,81.2,22.02,41.114782608695656
1.96,78.51,22.61,41.10739130434783
1.29,80.75,22.62,41.1
0.59,80.48,22.52,41.11608695652174
0.49,78.76,23.12,41.13217391304348
0.56,79.28,23.09,41.14826086956522
2.96,81.19,22.64,41.16434782608696
1.55,80.19,22.94,41.1804347826087
1.16,79.83,23.07,41.19652173913044
0.55,79.75,22.96,41.21260869565217
0.88,77.03,23.61,41.22869565217391
0.91,77.35,23.47,41.24478260869565
0.47,77.01,23.68,41.26086956521739
1.99,78.15,23.73,41.27695652173913
0.98,77.94,23.8,41.29304347826087
3.04,79.08,23.23,41.30913043478261
3.08,76.87,23.42,41.32521739130435
2.13,77.22,23.45,41.34130434782609
2.88,79.53,23.16,41.35739130434783
1.43,77.18,23.72,41.37347826086957
0.74,74.54,24.14,41.38956521739131
0.38,73.59,24.38,41.40565217391305
0.37,71.27,24.66,41.42173913043478
0.53,72.42,24.69,41.43782608695652
1.92,76.89,23.9,41.45391304347826
2.12,78.76,23.72,41.47
2.93,81.52,23.46,41.48608695652174
8.49,79.85,23.49,41.50217391304348
4.48,80.43,23.31,41.51826086956522
1.0,76.18,23.58,41.53434782608696
1.2,75.94,23.27,41.5504347826087
6.47,82.24,22.71,41.56652173913044
4.85,80.99,21.5,41.582608695652176
1.0,79.27,21.29,41.598695652173916
1.01,77.61,21.64,41.614782608695656
0.48,79.6,22.22,41.63086956521739
0.28,76.53,22.93,41.64695652173913
0.1,73.93,23.05,41.66304347826087
0.72,75.68,22.85,41.67913043478261
0.22,74.07,22.56,41.69521739130435
0.09,72.02,23.41,41.711304347826086
0.34,67.39,24.06,41.727391304347826
0.97,73.64,23.71,41.743478260869566
0.28,72.04,23.24,41.759565217391305
0.13,71.33,23.09,41.775652173913045
0.41,72.67,23.77,41.791739130434784
2.09,73.33,24.32,41.807826086956524
1.58,74.46,23.61,41.823913043478264
1.66,75.52,23.82,41.84
0.21,73.24,23.37,41.856086956521736
0.38,73.28,23.55,41.872173913043476
0.45,70.45,24.06,41.888260869565215
0.18,69.67,23.8,41.904347826086955
1.5,71.21,23.96,41.920434782608694
0.26,69.55,23.59,41.936521739130434
0.95,72.36,23.76,41.952608695652174
1.46,73.28,23.5,41.96869565217391
0.64,72.49,23.83,41.98478260869565
0.73,70.86,24.13,42.00086956521739
1.32,79.6,23.63,42.01695652173913
3.0,79.2,23.94,42.03304347826087
2.82,79.5,23.67,42.04913043478261
0.2,69.71,24.31,42.065217391304344
0.01,71.57,23.11,42.081304347826084
0.0,67.23,24.25,42.09739130434782
0.03,67.53,24.92,42.11347826086956
0.05,63.14,25.22,42.1295652173913
0.01,65.07,24.82,42.14565217391304
0.02,61.27,24.51,42.16173913043478
0.04,64.12,22.87,42.17782608695652
0.21,69.26,23.97,42.19391304347826
0.04,66.17,24.24,42.21
0.04,63.68,23.76,42.22608695652174
3.88,69.67,24.01,42.24217391304348
5.83,81.93,23.11,42.25826086956522
11.1,81.13,23.41,42.27434782608695
2.17,75.2,24.02,42.29043478260869
0.55,73.33,23.93,42.30652173913043
0.03,69.83,24.34,42.32260869565217
0.0,69.17,24.34,42.33869565217391
0.0,59.17,24.63,42.35478260869565
0.03,61.16,24.37,42.37086956521739
0.15,64.14,24.84,42.38695652173913
0.12,61.9,24.03,42.40304347826087
0.07,60.8,24.55,42.41913043478261
0.3,59.54,24.45,42.43521739130435
0.12,66.77,23.74,42.45130434782609
0.06,63.91,24.62,42.46739130434783
0.11,60.18,24.97,42.48347826086956
0.08,58.6,25.16,42.4995652173913
0.04,55.0,25.42,42.51565217391304
0.02,60.22,25.75,42.53173913043478
3.65,63.57,25.35,42.54782608695652
5.74,70.56,23.89,42.56391304347826
0.83,61.43,24.91,42.58
1.66,65.68,24.71,42.5883606557377
2.87,69.6,24.6,42.596721311475406
1.7,68.04,25.09,42.60508196721311
0.17,63.44,25.02,42.61344262295082
0.0,54.49,24.02,42.621803278688525
0.0,52.71,23.77,42.63016393442623
0.46,59.98,23.76,42.63852459016393
0.29,58.25,23.58,42.646885245901636
0.01,47.91,23.26,42.65524590163934
0.0,56.81,23.35,42.66360655737705
0.02,58.21,24.25,42.671967213114755
4.07,63.24,24.58,42.68032786885246
8.27,72.53,24.43,42.68868852459016
6.58,68.2,23.58,42.697049180327866
0.29,63.3,24.07,42.70540983606557
0.12,62.28,24.24,42.71377049180328
0.0,55.08,23.36,42.722131147540985
0.0,51.89,23.14,42.73049180327869
0.0,51.66,23.13,42.73885245901639
0.0,50.64,23.19,42.747213114754096
0.0,53.11,23.08,42.7555737704918
0.01,45.68,22.63,42.76393442622951
0.01,44.1,22.25,42.772295081967215
0.0,39.24,22.46,42.78065573770492
0.0,42.96,23.1,42.78901639344262
0.01,36.99,23.47,42.79737704918033
0.0,32.91,23.96,42.80573770491803
0.0,36.57,23.86,42.81409836065574
0.0,42.92,22.3,42.822459016393445
0.9,46.24,23.01,42.83081967213115
9.56,74.68,22.35,42.83918032786885
10.19,83.95,22.52,42.84754098360656
1.08,68.91,22.97,42.85590163934426
0.13,68.94,23.38,42.86426229508197
0.12,59.27,23.05,42.872622950819675
0.0,49.89,22.09,42.88098360655738
0.0,63.05,23.71,42.88934426229508
0.0,57.94,24.14,42.89770491803279
0.0,37.4,22.28,42.90606557377049
0.0,32.93,20.82,42.9144262295082
8.68,50.99,22.21,42.922786885245905
18.09,85.14,20.03,42.93114754098361
10.04,82.45,21.91,42.93950819672131
1.22,73.05,21.76,42.94786885245902
0.02,68.42,21.96,42.95622950819672
0.01,65.31,22.92,42.96459016393443
0.0,60.75,22.51,42.972950819672135
0.0,54.66,22.12,42.98131147540984
0.03,58.54,22.58,42.98967213114754
0.01,62.57,22.88,42.99803278688525
0.0,52.43,22.78,43.00639344262295
0.0,36.41,22.59,43.01475409836066
0.0,41.34,21.33,43.023114754098366
0.0,50.1,21.18,43.03147540983607
0.0,43.18,21.96,43.03983606557377
0.0,48.26,21.99,43.04819672131148
0.04,58.55,22.21,43.05655737704918
0.03,55.0,21.47,43.06491803278689
0.0,51.82,20.6,43.073278688524596
0.0,52.07,20.19,43.0816393442623
0.0,49.85,20.51,43.09
0.0,56.71,21.4,43.09041666666667
0.0,43.65,21.6,43.090833333333336
0.0,42.8,21.73,43.09125
0.0,48.37,21.61,43.09166666666667
0.0,49.18,21.63,43.092083333333335
0.0,53.61,21.89,43.0925
0.0,51.41,21.43,43.09291666666667
0.0,49.88,21.17,43.093333333333334
0.0,49.63,21.97,43.09375
0.0,52.05,22.06,43.094166666666666
0.0,53.9,22.28,43.09458333333334
0.0,55.07,22.77,43.095000000000006
0.0,55.87,22.33,43.09541666666667
0.0,49.71,21.74,43.09583333333334
0.0,49.49,22.13,43.096250000000005
0.0,40.62,21.14,43.09666666666667
0.0,42.55,20.78,43.09708333333334
0.0,51.31,20.55,43.097500000000004
0.02,46.21,21.95,43.09791666666667
2.99,68.96,22.7,43.098333333333336
0.11,55.57,23.26,43.09875
0.0,42.4,22.23,43.09916666666667
0.0,46.32,22.79,43.099583333333335
0.0,49.88,22.55,43.1
2.35,63.64,22.76,43.10041666666667
6.87,76.02,22.92,43.100833333333334
4.31,74.23,23.06,43.10125
0.89,60.13,23.88,43.10166666666667
0.14,58.36,23.67,43.10208333333333
0.0,52.8,23.29,43.102500000000006
0.0,43.34,22.03,43.10291666666667
0.0,41.17,21.3,43.10333333333334
0.0,43.73,21.76,43.103750000000005
0.0,44.38,21.87,43.10416666666667
0.0,44.14,22.02,43.10458333333334
0.0,44.22,22.83,43.105000000000004
0.0,39.06,23.24,43.10541666666667
0.0,33.22,23.22,43.10583333333334
0.0,32.85,23.3,43.10625
0.0,38.38,22.83,43.10666666666667
0.0,38.68,22.99,43.107083333333335
0.0,42.16,22.35,43.1075
0.0,45.86,22.29,43.10791666666667
0.01,57.75,23.44,43.108333333333334
0.0,44.8,23.89,43.10875
0.0,37.35,22.59,43.10916666666667
0.0,34.06,22.02,43.10958333333333
0.0,34.37,22.42,43.11
0.0,33.17,23.94,43.110416666666666
0.0,46.75,24.85,43.11083333333333
0.0,47.21,26.23,43.111250000000005
0.0,37.89,26.76,43.11166666666667
0.0,33.59,25.83,43.11208333333334
0.0,29.49,25.87,43.112500000000004
0.01,29.14,25.44,43.11291666666667
0.0,34.34,25.59,43.11333333333334
0.0,34.52,24.7,43.11375
0.0,27.87,24.99,43.11416666666667
0.0,27.41,24.38,43.114583333333336
0.0,25.53,24.28,43.115
0.13,40.57,25.23,43.11541666666667
1.04,60.68,25.86,43.115833333333335
0.93,65.32,25.6,43.11625
1.59,72.91,24.66,43.11666666666667
3.33,71.8,24.88,43.11708333333333
1.53,63.82,25.77,43.1175
1.57,64.12,25.47,43.117916666666666
5.12,59.29,25.51,43.11833333333333
0.12,51.35,25.85,43.11875
0.03,47.22,26.0,43.11916666666667
2.84,52.18,26.39,43.11958333333334
15.5,74.58,24.72,43.120000000000005
11.24,73.28,24.44,43.12041666666667
3.68,71.01,23.92,43.12083333333334
0.26,59.73,25.48,43.12125
0.12,59.04,26.36,43.12166666666667
0.06,53.92,26.58,43.122083333333336
1.5,56.07,26.36,43.1225
2.55,62.62,26.15,43.12291666666667
0.02,56.72,26.31,43.123333333333335
0.0,50.48,26.24,43.12375
0.0,42.68,25.85,43.12416666666667
0.0,38.74,25.78,43.124583333333334
0.0,36.78,26.51,43.125
0.0,37.12,25.49,43.125416666666666
0.0,39.55,26.0,43.12583333333333
0.0,41.24,26.9,43.12625
0.0,39.14,27.1,43.126666666666665
0.0,43.71,27.12,43.12708333333333
0.01,44.71,27.66,43.1275
0.03,44.03,28.32,43.12791666666667
0.02,43.85,28.74,43.12833333333334
0.73,47.83,28.63,43.128750000000004
3.45,53.18,28.44,43.12916666666667
4.96,59.68,27.75,43.129583333333336
3.96,59.73,27.79,43.13
0.14,48.15,28.93,43.13041666666667
0.15,49.57,28.47,43.130833333333335
0.59,52.83,28.4,43.13125
1.02,56.85,28.06,43.13166666666667
0.73,51.99,28.52,43.132083333333334
0.8,47.29,28.76,43.1325
0.24,48.38,27.94,43.13291666666667
0.02,45.77,28.58,43.13333333333333
0.89,51.01,28.65,43.13375
3.56,56.87,27.68,43.134166666666665
0.88,58.19,27.09,43.13458333333333
1.02,58.23,27.79,43.135
5.63,62.91,27.36,43.135416666666664
10.93,76.18,25.52,43.13583333333334
2.91,66.87,26.35,43.136250000000004
0.09,58.28,27.52,43.13666666666667
0.2,56.84,28.03,43.13708333333334
0.74,57.77,27.89,43.1375
0.84,67.6,26.51,43.13791666666667
0.21,55.89,28.11,43.138333333333335
0.1,53.89,28.56,43.13875
1.35,52.21,28.78,43.13916666666667
2.01,51.94,28.45,43.139583333333334
19.59,66.37,26.82,43.14
7.33,64.26,26.48,43.315652173913044
0.48,58.47,27.2,43.49130434782609
0.25,58.52,27.53,43.66695652173913
0.35,57.81,28.32,43.842608695652174
1.49,66.35,27.41,44.01826086956522
8.87,73.5,26.16,44.19391304347826
6.48,66.54,25.67,44.369565217391305
0.97,63.72,26.5,44.54521739130435
3.76,72.68,26.15,44.72086956521739
2.53,73.35,25.36,44.896521739130435
3.81,66.57,26.44,45.07217391304348
3.43,67.17,27.23,45.24782608695652
4.44,66.22,27.09,45.423478260869565
0.92,73.54,25.93,45.59913043478261
1.92,67.45,27.08,45.77478260869565
1.97,68.64,26.9,45.950434782608696
17.64,78.12,24.6,46.12608695652174
2.56,76.18,24.11,46.30173913043478
8.83,77.88,24.95,46.477391304347826
11.51,83.03,24.09,46.65304347826087
14.58,84.9,23.95,46.82869565217391
1.62,69.59,26.19,47.004347826086956
5.82,77.99,25.42,47.18
3.42,82.33,24.81,47.35565217391304
4.66,76.97,25.38,47.53130434782609
13.05,87.83,24.14,47.70695652173913
1.81,84.32,24.28,47.88260869565217
1.27,79.29,24.68,48.05826086956522
1.79,77.08,25.0,48.23391304347826
1.1,81.06,24.12,48.409565217391304
1.7,76.39,24.08,48.58521739130435
6.33,75.17,23.92,48.76086956521739
3.75,80.04,23.16,48.936521739130434
0.66,76.63,24.56,49.11217391304348
3.27,77.91,24.64,49.28782608695652
2.09,80.79,24.06,49.463478260869564
3.31,70.35,23.72,49.63913043478261
0.67,69.42,24.09,49.81478260869565
1.84,77.6,23.34,49.990434782608695
5.12,77.58,23.3,50.16608695652174
3.49,78.33,23.17,50.34173913043478
5.31,82.29,23.55,50.517391304347825
2.27,79.83,24.51,50.69304347826087
1.66,80.66,24.54,50.86869565217391
0.68,78.68,24.41,51.044347826086955
2.5,81.76,23.56,51.22
0.5,74.69,22.82,51.39565217391304
0.51,73.98,23.96,51.571304347826086
0.42,73.82,23.73,51.74695652173913
1.74,73.31,23.91,51.92260869565217
1.38,79.46,23.56,52.098260869565216
0.94,76.67,24.32,52.27391304347826
3.22,79.62,24.09,52.4495652173913
5.75,75.34,23.17,52.625217391304346
5.2,80.91,23.67,52.80086956521739
8.63,79.28,23.94,52.97652173913043
6.73,79.77,23.25,53.15217391304348
2.49,77.05,22.95,53.32782608695652
1.36,75.7,22.89,53.503478260869564
1.93,77.75,23.72,53.67913043478261
2.27,77.56,24.15,53.85478260869565
3.38,82.62,22.93,54.030434782608694
3.26,76.87,23.1,54.20608695652174
0.97,73.14,23.64,54.38173913043478
1.65,80.83,22.93,54.557391304347824
1.22,76.38,23.97,54.73304347826087
1.08,76.67,24.04,54.90869565217391
1.08,76.04,22.98,55.084347826086955
1.36,76.84,22.7,55.26
1.9,77.99,23.43,55.43565217391304
1.11,80.53,22.85,55.611304347826085
0.9,71.46,23.82,55.78695652173913
5.46,76.28,23.19,55.96260869565217
0.81,71.47,22.94,56.138260869565215
1.63,78.58,22.98,56.31391304347826
0.83,75.22,23.53,56.4895652173913
1.74,75.63,23.7,56.665217391304346
6.02,80.42,23.49,56.84086956521739
8.67,83.39,22.92,57.01652173913043
5.96,79.64,22.9,57.192173913043476
2.31,79.39,23.11,57.36782608695652
0.79,78.98,23.51,57.54347826086956
0.61,74.96,24.17,57.719130434782606
0.79,74.67,24.34,57.89478260869565
0.3,72.96,24.61,58.07043478260869
0.15,73.61,24.37,58.24608695652174
2.01,74.63,24.1,58.42173913043478
2.09,75.09,24.36,58.59739130434782
3.49,74.61,24.3,58.77304347826087
4.15,76.05,24.63,58.94869565217391
7.85,80.63,23.66,59.124347826086954
6.78,76.9,24.16,59.3
2.04,74.3,24.45,59.07478260869565
2.15,77.64,23.67,58.8495652173913
4.18,80.07,23.79,58.624347826086954
4.13,80.21,23.74,58.399130434782606
2.63,78.91,24.03,58.17391304347826
1.7,78.55,23.88,57.94869565217391
9.6,79.21,24.02,57.72347826086956
10.94,81.07,23.72,57.498260869565215
3.34,78.2,23.12,57.27304347826087
3.06,87.06,22.07,57.04782608695652
2.74,82.31,22.81,56.82260869565217
0.59,79.85,23.02,56.59739130434782
9.3,80.04,23.23,56.372173913043476
12.21,85.21,22.72,56.14695652173913
5.65,81.68,23.19,55.92173913043478
5.05,82.33,23.01,55.69652173913043
6.12,82.96,22.64,55.471304347826084
4.11,81.32,22.93,55.24608695652174
9.11,80.68,22.76,55.02086956521739
6.0,81.09,22.72,54.79565217391304
1.99,81.51,22.75,54.57043478260869
5.56,80.45,23.69,54.345217391304345
2.95,81.63,23.05,54.12
1.1,81.0,23.19,53.89478260869565
4.84,80.77,23.55,53.6695652173913
4.54,80.39,23.36,53.444347826086954
8.25,86.71,22.59,53.219130434782606
4.1,83.18,22.95,52.99391304347826
2.48,80.26,23.44,52.76869565217391
2.59,81.68,23.3,52.54347826086956
12.29,79.19,24.25,52.318260869565215
34.25,90.31,22.13,52.09304347826087
4.6,81.98,23.67,51.86782608695652
13.13,87.39,23.53,51.64260869565217
13.98,86.32,23.69,51.417391304347824
17.3,89.11,23.2,51.192173913043476
7.92,88.12,23.49,50.96695652173913
9.54,84.29,23.9,50.74173913043478
12.13,83.08,23.92,50.51652173913043
16.58,84.68,23.87,50.291304347826085
5.38,85.4,23.92,50.06608695652174
4.85,86.04,23.89,49.84086956521739
3.38,86.1,23.74,49.61565217391304
7.53,88.2,23.35,49.39043478260869
1.53,89.32,22.61,49.165217391304346
11.59,89.27,22.43,48.94
17.44,87.54,21.5,48.71478260869565
3.72,86.95,22.01,48.4895652173913
2.95,86.43,22.71,48.264347826086954
1.02,85.12,22.19,48.03913043478261
0.41,83.43,22.09,47.81391304347826
0.06,83.96,22.08,47.58869565217391
0.01,80.96,23.41,47.36347826086956
5.59,88.3,22.92,47.138260869565215
16.4,89.06,22.49,46.91304347826087
10.14,88.41,22.27,46.68782608695652
17.46,90.81,21.32,46.46260869565217
7.58,88.13,21.73,46.237391304347824
2.49,88.74,21.57,46.012173913043476
0.75,87.84,23.27,45.78695652173913
3.55,89.03,22.93,45.56173913043478
1.46,89.63,23.27,45.33652173913043
1.01,87.74,23.21,45.111304347826085
6.35,88.48,23.14,44.88608695652174
12.08,89.96,23.02,44.66086956521739
11.06,90.75,22.36,44.43565217391304
2.74,86.58,23.16,44.210434782608694
4.74,88.42,23.2,43.985217391304346
3.13,88.69,23.37,43.76
8.55,90.91,22.82,43.53478260869565
7.65,88.33,22.63,43.3095652173913
5.68,84.76,22.66,43.084347826086955
10.75,86.51,22.69,42.85913043478261
11.18,88.57,21.88,42.63391304347826
2.19,87.89,20.77,42.40869565217391
0.82,89.95,21.41,42.18347826086956
0.66,88.51,21.34,41.958260869565216
0.19,84.32,22.83,41.73304347826087
0.05,84.06,22.94,41.50782608695652
0.02,86.28,22.91,41.28260869565217
1.13,85.66,22.89,41.057391304347824
0.13,85.6,22.4,40.832173913043476
0.0,75.75,22.03,40.60695652173913
0.0,72.97,22.42,40.38173913043478
4.45,86.65,22.71,40.15652173913043
5.81,86.0,22.62,39.931304347826085
9.04,88.08,22.31,39.70608695652174
6.25,87.17,21.38,39.48086956521739
0.02,81.38,21.99,39.25565217391304
0.94,86.16,21.82,39.030434782608694
0.96,86.2,21.85,38.805217391304346
2.71,86.75,21.92,38.58
1.65,85.95,21.7,38.60737704918033
0.75,86.56,21.32,38.63475409836065
2.46,88.31,21.29,38.66213114754098
2.9,89.0,21.48,38.68950819672131
11.12,89.99,21.64,38.716885245901636
3.46,87.91,21.61,38.74426229508197
6.24,88.43,21.8,38.77163934426229
0.85,81.63,21.59,38.79901639344262
0.0,79.61,21.23,38.82639344262295
0.0,81.4,21.75,38.853770491803274
0.0,81.06,21.01,38.881147540983605
0.17,80.07,22.03,38.908524590163935
0.65,84.43,22.11,38.93590163934426
0.22,84.01,22.43,38.96327868852459
0.74,82.46,22.43,38.99065573770492
0.34,81.02,22.85,39.01803278688524
0.13,81.27,22.72,39.04540983606557
0.29,83.52,22.87,39.072786885245904
1.83,82.65,22.98,39.10016393442623
2.17,84.98,22.39,39.12754098360656
0.25,82.06,22.56,39.15491803278688
0.05,76.63,22.16,39.18229508196721
0.01,78.9,22.56,39.20967213114754
0.0,79.85,22.08,39.237049180327865
0.82,83.75,21.1,39.264426229508196
0.58,86.91,21.9,39.291803278688526
0.07,80.88,22.2,39.31918032786885
1.35,77.79,21.9,39.34655737704918
16.91,92.1,20.86,39.37393442622951
31.05,95.38,21.89,39.401311475409834
8.42,92.0,20.44,39.428688524590164
0.43,88.19,20.94,39.45606557377049
0.29,84.98,21.49,39.48344262295082
0.33,85.63,21.56,39.51081967213115
0.02,83.86,22.37,39.53819672131147
0.01,85.3,22.07,39.5655737704918
0.0,68.59,21.7,39.59295081967213
0.0,61.21,21.27,39.620327868852456
0.0,70.76,20.76,39.64770491803279
0.01,74.85,21.47,39.67508196721312
0.01,81.78,22.2,39.70245901639344
2.2,84.07,22.51,39.72983606557377
0.77,83.86,21.29,39.757213114754094
0.01,74.36,20.89,39.784590163934425
0.0,76.79,21.0,39.811967213114755
0.0,76.78,19.72,39.83934426229508
0.0,75.53,18.89,39.86672131147541
0.0,77.97,19.86,39.89409836065574
0.0,70.55,20.49,39.92147540983606
0.22,72.9,19.94,39.94885245901639
0.07,72.12,20.62,39.976229508196724
0.0,71.54,19.99,40.00360655737705
0.0,68.99,19.48,40.03098360655738
0.0,69.05,20.57,40.0583606557377
0.0,63.85,20.43,40.08573770491803
0.0,65.47,19.93,40.11311475409836
0.0,62.03,18.86,40.140491803278685
0.0,67.44,18.85,40.167868852459016
0.0,70.13,19.38,40.195245901639346
0.0,61.77,20.58,40.22262295081967
0.0,66.43,21.15,40.25
0.0,62.77,21.82,40.23375
0.0,68.58,21.95,40.2175
0.0,68.25,21.9,40.20125
0.0,64.44,20.68,40.185
0.0,61.22,20.16,40.16875
0.0,59.87,20.81,40.1525
0.0,56.33,19.57,40.13625
0.15,63.33,20.61,40.12
0.9,72.86,22.21,40.10375
0.16,71.97,23.11,40.0875
0.01,66.3,23.79,40.07125
0.0,60.88,22.44,40.055
0.0,51.23,21.39,40.03875
0.0,54.88,21.64,40.0225
0.0,62.38,22.82,40.00625
0.0,63.47,22.49,39.99
0.0,54.18,20.95,39.97375
0.0,53.93,20.19,39.957499999999996
0.0,54.29,20.53,39.94125
0.0,53.58,20.52,39.925
0.0,55.29,21.01,39.90875
0.0,63.12,21.98,39.8925
0.0,64.83,23.04,39.87625
0.0,56.64,23.01,39.86
0.0,54.98,21.85,39.84375
0.0,57.35,21.91,39.8275
0.01,58.75,22.74,39.81125
0.0,52.24,22.26,39.795
0.0,48.36,22.16,39.77875
0.0,44.45,21.75,39.762499999999996
0.0,37.07,21.49,39.746249999999996
0.0,35.51,21.85,39.73
0.0,37.2,21.05,39.71375
0.0,38.47,20.33,39.6975
0.0,41.56,21.97,39.68125
1.31,56.29,24.09,39.665
5.94,75.82,22.75,39.64875
0.69,66.07,23.18,39.6325
2.37,66.36,23.72,39.61625
0.08,68.72,22.78,39.6
0.01,56.07,23.71,39.58375
0.02,60.76,23.44,39.567499999999995
0.0,58.14,22.59,39.551249999999996
0.0,59.43,21.46,39.535
0.0,54.85,21.25,39.51875
0.0,53.02,22.53,39.5025
0.0,44.91,23.23,39.48625
0.0,41.26,23.85,39.47
0.0,42.66,23.54,39.45375
0.0,43.73,23.92,39.4375
0.0,41.66,23.75,39.42125
0.0,34.84,24.29,39.405
0.0,34.62,23.6,39.38875
0.0,39.76,23.48,39.372499999999995
0.0,42.57,24.17,39.356249999999996
0.0,40.53,24.89,39.339999999999996
0.0,40.53,25.53,39.32375
0.01,31.16,25.19,39.3075
0.08,34.93,24.78,39.29125
0.0,27.81,24.92,39.275
0.0,26.19,25.31,39.25875
0.0,27.4,25.57,39.2425
0.0,24.88,25.45,39.22625
0.0,26.54,25.7,39.21
0.0,26.87,25.99,39.19375
0.0,31.95,26.17,39.177499999999995
0.0,32.15,26.41,39.161249999999995
0.0,32.26,26.07,39.144999999999996
0.0,34.79,25.97,39.12875
0.01,41.92,26.16,39.1125
2.09,58.99,25.36,39.09625
1.95,64.78,24.77,39.08
5.76,66.34,24.93,39.06375
4.05,69.15,25.52,39.0475
5.09,71.01,24.93,39.03125
5.32,69.36,24.94,39.015
0.53,58.61,25.41,38.99875
0.01,44.82,26.09,38.9825
0.02,49.64,27.01,38.966249999999995
0.75,57.84,26.7,38.949999999999996
1.65,48.76,27.59,38.933749999999996
1.04,50.89,27.68,38.9175
0.03,41.49,27.56,38.90125
0.01,35.48,27.15,38.885
0.01,36.53,26.99,38.86875
0.02,49.05,28.42,38.8525
0.03,54.77,27.48,38.83625
0.57,54.31,27.85,38.82
1.38,60.65,26.54,38.80375
1.04,52.12,27.63,38.787499999999994
1.47,52.21,27.56,38.771249999999995
0.85,50.26,28.13,38.754999999999995
0.1,43.62,28.81,38.738749999999996
0.02,47.33,27.6,38.7225
0.02,44.72,27.38,38.70625
0.03,40.76,28.13,38.69
0.12,44.66,27.79,38.67375
0.32,48.72,27.25,38.6575
1.63,49.11,27.56,38.64125
2.31,56.78,27.0,38.625
1.0,58.22,27.33,38.60875
2.27,59.82,27.09,38.592499999999994
5.37,62.2,27.38,38.576249999999995
2.54,65.29,26.91,38.559999999999995
0.7,59.08,27.79,38.543749999999996
0.13,53.34,28.73,38.527499999999996
0.13,50.15,29.48,38.51125
0.24,59.15,28.06,38.495
1.08,58.74,27.63,38.47875
2.27,56.16,28.22,38.4625
2.4,57.78,28.18,38.44625
0.85,55.59,28.69,38.43
0.46,53.19,28.84,38.41375
1.01,54.91,28.51,38.397499999999994
4.3,59.46,28.11,38.381249999999994
1.69,64.88,26.95,38.364999999999995
0.05,54.16,28.35,38.348749999999995
0.03,54.29,28.68,38.332499999999996
5.91,60.76,27.79,38.31625
10.48,70.66,26.9,38.3
7.0,75.48,26.02,38.297282608695646
13.18,70.02,27.04,38.2945652173913
7.86,68.86,26.23,38.29184782608695
2.93,66.25,26.18,38.28913043478261
1.36,67.11,26.74,38.286413043478255
0.43,65.26,27.26,38.28369565217391
4.01,79.73,24.77,38.28097826086956
8.64,75.63,24.61,38.278260869565216
5.97,74.6,25.01,38.275543478260865
9.37,74.4,25.51,38.27282608695652
3.43,80.16,24.49,38.27010869565217
3.13,73.45,25.28,38.267391304347825
3.11,72.09,24.93,38.264673913043474
1.86,68.82,24.65,38.26195652173913
3.13,68.13,24.98,38.25923913043478
1.85,73.06,25.58,38.256521739130434
1.17,71.89,25.78,38.25380434782608
5.8,76.52,25.03,38.25108695652174
3.45,74.8,25.56,38.24836956521739
7.05,74.64,25.31,38.245652173913044
1.19,74.55,25.33,38.24293478260869
5.37,71.25,26.22,38.24021739130435
6.59,77.72,25.22,38.2375
27.95,82.43,24.7,38.234782608695646
6.31,78.69,25.02,38.2320652173913
4.73,80.97,24.68,38.22934782608695
4.3,89.85,23.55,38.22663043478261
4.92,80.99,24.51,38.223913043478255
2.88,81.96,24.62,38.22119565217391
0.48,80.07,24.93,38.21847826086956
4.05,81.62,24.93,38.215760869565216
3.18,75.96,25.55,38.213043478260865
5.91,90.11,23.58,38.21032608695652
5.04,86.0,23.7,38.20760869565217
2.25,82.03,23.71,38.204891304347825
1.23,76.76,23.67,38.202173913043474
5.56,80.68,23.95,38.19945652173913
3.39,83.17,23.23,38.19673913043478
9.47,82.7,23.16,38.194021739130434
5.95,86.27,23.97,38.19130434782608
10.66,84.63,24.25,38.18858695652174
7.76,85.38,23.83,38.18586956521739
5.72,84.17,23.72,38.183152173913044
5.21,78.65,22.86,38.18043478260869
3.34,78.57,22.69,38.17771739130435
1.56,75.94,22.72,38.175
1.22,74.0,21.93,38.172282608695646
1.86,77.98,22.54,38.1695652173913
2.73,83.01,23.58,38.16684782608695
2.39,84.2,23.58,38.16413043478261
2.52,80.02,23.35,38.161413043478255
1.23,79.06,22.5,38.15869565217391
1.65,79.3,22.62,38.15597826086956
0.35,74.54,22.83,38.153260869565216
1.49,75.47,22.14,38.150543478260865
2.75,79.56,22.7,38.14782608695652
7.66,81.04,23.36,38.14510869565217
5.33,81.48,22.73,38.142391304347825
3.79,81.56,22.31,38.139673913043474
3.95,75.04,22.5,38.13695652173913
9.02,74.24,22.88,38.13423913043478
8.92,77.87,22.81,38.131521739130434
2.79,80.98,22.7,38.12880434782608
0.18,78.33,23.61,38.12608695652174
0.29,77.02,23.44,38.12336956521739
3.37,79.26,23.14,38.120652173913044
3.82,81.99,22.56,38.11793478260869
5.23,82.87,23.46,38.11521739130435
9.93,83.97,23.11,38.1125
15.33,85.79,22.8,38.109782608695646
13.68,86.53,22.55,38.1070652173913
4.23,81.24,22.98,38.10434782608695
6.51,83.52,22.98,38.10163043478261
2.99,82.16,23.47,38.098913043478255
4.87,80.39,23.51,38.09619565217391
8.72,81.05,22.77,38.09347826086956
5.75,80.29,22.77,38.090760869565216
4.82,81.83,22.82,38.088043478260865
2.86,84.08,23.15,38.08532608695652
4.43,83.92,22.93,38.08260869565217
2.69,84.52,22.67,38.079891304347825
1.0,79.59,23.17,38.077173913043474
3.03,80.6,23.13,38.07445652173913
3.43,79.89,23.26,38.07173913043478
5.55,81.52,23.19,38.069021739130434
3.31,81.48,23.07,38.06630434782608
0.88,79.23,23.32,38.06358695652174
2.23,81.55,23.13,38.06086956521739
2.37,82.69,23.27,38.058152173913044
1.73,83.53,23.18,38.05543478260869
4.79,85.44,22.63,38.05271739130435
2.47,81.86,22.91,38.05
0.62,78.0,23.49,38.047282608695646
1.57,80.4,21.84,38.0445652173913
0.37,78.08,22.69,38.04184782608695
0.72,78.86,23.0,38.03913043478261
3.12,77.82,22.97,38.036413043478255
3.65,79.25,22.6,38.03369565217391
10.99,83.23,22.35,38.03097826086956
8.04,82.26,22.4,38.028260869565216
3.02,82.28,22.61,38.025543478260865
3.7,84.01,22.14,38.02282608695652
7.78,85.04,20.99,38.02010869565217
8.69,81.63,22.1,38.017391304347825
14.6,83.84,22.68,38.014673913043474
24.61,89.27,22.54,38.01195652173913
11.07,83.68,22.58,38.00923913043478
7.37,84.34,22.64,38.006521739130434
2.02,81.6,22.88,38.00380434782608
0.82,81.99,22.61,38.00108695652174
0.88,80.74,22.49,37.99836956521739
0.87,78.87,22.68,37.995652173913044
0.54,78.54,22.47,37.99293478260869
0.44,79.67,22.89,37.99021739130435
2.63,78.4,22.97,37.9875
0.62,77.01,23.5,37.984782608695646
0.6,77.1,23.07,37.9820652173913
2.38,79.42,22.54,37.97934782608695
4.18,80.82,22.43,37.97663043478261
0.79,77.78,23.28,37.973913043478255
4.44,79.62,22.98,37.97119565217391
3.12,80.0,23.17,37.96847826086956
0.25,78.75,23.12,37.965760869565216
0.01,74.61,23.87,37.963043478260865
0.0,72.51,23.37,37.96032608695652
0.0,71.57,23.66,37.95760869565217
0.0,72.96,23.53,37.954891304347825
0.0,72.67,23.41,37.952173913043474
0.05,73.58,23.08,37.94945652173913
0.05,71.19,23.71,37.94673913043478
0.43,67.09,24.21,37.944021739130434
2.52,70.02,24.19,37.94130434782608
2.81,70.16,24.93,37.93858695652174
3.2,67.94,24.47,37.93586956521739
1.48,68.53,24.57,37.933152173913044
3.19,70.49,24.57,37.93043478260869
13.19,77.65,23.93,37.92771739130435
7.35,77.65,23.74,37.925
2.07,79.96,23.13,37.922282608695646
0.28,74.01,23.71,37.9195652173913
0.06,71.53,23.67,37.91684782608695
1.01,66.88,23.56,37.91413043478261
0.9,72.79,23.15,37.911413043478255
1.04,71.84,23.74,37.90869565217391
10.58,77.87,24.02,37.90597826086956
16.56,84.79,23.39,37.903260869565216
3.99,80.63,23.83,37.900543478260865
10.79,81.65,24.31,37.89782608695652
17.47,78.76,24.54,37.89510869565217
7.73,84.01,23.66,37.892391304347825
5.02,82.12,23.99,37.889673913043474
6.67,80.24,24.66,37.88695652173913
7.74,81.32,24.17,37.88423913043478
1.57,80.38,24.13,37.881521739130434
6.64,80.83,23.89,37.87880434782608
10.81,83.54,22.67,37.87608695652174
14.64,88.4,22.4,37.87336956521739
13.59,86.71,22.81,37.870652173913044
2.96,81.83,23.52,37.86793478260869
17.13,89.82,22.54,37.86521739130435
6.51,82.3,22.85,37.8625
1.03,81.9,22.85,37.859782608695646
0.06,73.22,23.33,37.8570652173913
0.06,77.66,23.74,37.85434782608695
2.42,77.43,23.99,37.85163043478261
11.1,85.86,23.46,37.848913043478255
7.0,87.14,23.26,37.84619565217391
14.62,88.72,22.8,37.84347826086956
7.69,88.57,21.63,37.840760869565216
2.82,79.72,22.64,37.838043478260865
3.74,86.15,22.55,37.83532608695652
5.48,83.27,22.47,37.83260869565217
0.82,81.03,22.66,37.829891304347825
0.23,73.62,22.97,37.827173913043474
0.12,64.32,22.74,37.82445652173913
0.0,64.1,22.26,37.82173913043478
0.0,67.34,21.83,37.819021739130434
0.0,72.89,22.16,37.81630434782608
0.0,67.35,22.49,37.81358695652174
0.0,61.56,22.42,37.81086956521739
0.0,59.5,22.17,37.808152173913044
0.0,63.59,21.89,37.80543478260869
0.85,73.64,23.4,37.80271739130435
3.01,81.09,23.51,37.8
2.25,85.29,22.59,37.856065573770486
7.74,83.53,22.67,37.91213114754098
2.84,75.91,23.39,37.96819672131147
1.77,76.06,23.52,38.02426229508197
0.07,74.34,22.71,38.08032786885246
0.01,63.99,22.93,38.136393442622946
0.0,61.06,22.69,38.19245901639344
0.2,70.21,23.25,38.24852459016393
0.01,67.05,23.08,38.30459016393442
0.01,63.49,22.95,38.36065573770492
0.0,60.35,22.65,38.416721311475406
0.0,57.9,21.75,38.4727868852459
0.0,50.08,21.87,38.52885245901639
2.81,59.81,22.88,38.58491803278688
10.36,84.88,22.2,38.64098360655738
0.06,75.67,23.17,38.697049180327866
4.02,82.34,23.09,38.753114754098355
2.06,76.17,23.78,38.80918032786885
0.28,70.7,23.76,38.86524590163934
0.97,79.05,21.73,38.92131147540984
4.28,84.79,21.48,38.977377049180326
5.6,83.8,22.34,39.033442622950815
2.53,78.17,23.09,39.08950819672131
0.11,74.31,23.26,39.1455737704918
0.01,70.61,22.77,39.20163934426229
0.0,65.39,20.63,39.257704918032786
0.0,69.45,20.92,39.313770491803275
1.61,78.42,22.37,39.36983606557377
0.17,73.93,23.21,39.42590163934426
0.26,70.26,22.85,39.48196721311475
0.0,66.95,22.03,39.538032786885246
0.0,68.72,22.47,39.594098360655735
2.99,79.27,22.49,39.650163934426224
0.42,73.25,23.49,39.70622950819672
0.3,75.68,22.87,39.76229508196721
0.04,67.18,23.44,39.818360655737706
0.0,67.06,23.37,39.874426229508195
0.0,63.76,23.37,39.930491803278684
0.0,67.12,23.43,39.98655737704918
0.0,63.22,23.77,40.04262295081967
0.0,64.83,23.35,40.09868852459016
0.0,66.01,23.64,40.154754098360655
0.0,58.55,23.38,40.210819672131144
0.0,56.79,23.24,40.26688524590164
0.0,55.94,21.83,40.32295081967213
0.0,53.84,22.26,40.37901639344262
0.0,52.68,22.29,40.435081967213115
0.02,67.9,21.58,40.491147540983604
0.01,63.16,22.02,40.5472131147541
0.0,59.87,23.26,40.60327868852459
0.04,65.66,22.77,40.65934426229508
0.8,71.89,23.08,40.715409836065575
0.44,69.74,23.88,40.771475409836064
0.02,63.07,23.98,40.82754098360655
0.01,59.15,23.88,40.88360655737705
0.0,61.29,23.94,40.93967213114754
0.81,66.38,23.3,40.99573770491803
0.85,70.68,23.02,41.051803278688524
0.14,59.25,21.89,41.10786885245901
0.01,59.05,21.49,41.16393442622951
0.0,44.34,19.85,41.22
0.0,45.44,19.31,41.25683333333333
0.0,48.5,19.63,41.29366666666667
0.0,45.88,19.81,41.3305
0.0,48.16,19.89,41.367333333333335
0.0,50.08,20.75,41.40416666666667
0.0,49.03,21.06,41.441
0.0,45.16,21.91,41.47783333333333
0.0,41.22,21.35,41.51466666666666
0.0,42.03,21.28,41.5515
0.0,46.82,21.67,41.58833333333333
0.0,48.76,21.93,41.625166666666665
0.0,40.84,21.6,41.662
0.0,46.57,21.91,41.69883333333333
0.0,35.79,21.8,41.73566666666667
0.0,37.66,21.26,41.7725
0.0,45.64,21.56,41.809333333333335
0.0,46.51,21.38,41.84616666666667
0.0,39.84,21.41,41.882999999999996
0.0,35.92,21.13,41.91983333333333
0.0,34.48,21.22,41.95666666666666
0.0,39.01,21.9,41.9935
0.0,43.59,22.81,42.03033333333333
0.0,49.4,23.41,42.067166666666665
0.0,56.89,23.94,42.104
0.0,55.39,24.96,42.14083333333333
0.01,56.19,24.97,42.17766666666667
0.06,52.55,25.04,42.2145
0.06,52.14,24.12,42.251333333333335
0.05,50.03,23.6,42.28816666666667
0.0,49.4,23.25,42.325
0.0,49.95,23.02,42.36183333333333
0.0,49.11,24.03,42.398666666666664
0.0,47.81,24.77,42.4355
0.0,48.11,25.05,42.47233333333333
0.0,52.49,24.3,42.509166666666665
0.01,45.66,25.08,42.546
0.03,47.4,25.61,42.58283333333333
0.01,49.57,26.47,42.61966666666667
1.77,54.38,26.47,42.6565
5.84,66.23,24.94,42.693333333333335
0.57,58.16,24.97,42.73016666666667
0.0,50.94,24.28,42.766999999999996
0.0,45.99,24.19,42.80383333333333
0.0,49.7,25.01,42.840666666666664
0.0,51.11,26.5,42.8775
0.0,47.55,27.48,42.91433333333333
0.0,41.78,27.19,42.951166666666666
0.0,37.84,26.96,42.988
2.29,49.76,27.08,43.02483333333333
0.91,48.96,26.35,43.06166666666667
0.0,42.66,25.31,43.0985
0.0,33.18,24.46,43.135333333333335
0.0,28.89,24.89,43.17216666666667
0.0,31.29,25.34,43.209
0.0,28.3,25.63,43.24583333333333
0.03,38.67,26.84,43.282666666666664
0.0,44.19,27.45,43.3195
0.05,42.67,27.2,43.35633333333333
1.91,43.02,28.06,43.393166666666666
7.46,57.67,26.68,43.43
0.01,53.78,26.75,43.466833333333334
0.0,49.09,27.55,43.50366666666667
0.0,47.8,28.43,43.5405
0.06,44.12,28.73,43.577333333333335
0.04,35.46,29.1,43.61416666666667
0.0,39.74,28.03,43.650999999999996
0.42,47.6,27.86,43.68783333333333
0.82,50.82,28.2,43.724666666666664
0.17,43.83,28.45,43.7615
0.01,36.12,27.03,43.79833333333333
0.0,31.12,26.53,43.835166666666666
0.0,30.67,26.37,43.872
0.0,28.76,26.56,43.908833333333334
0.0,33.69,26.45,43.94566666666667
0.0,33.12,26.6,43.9825
0.0,39.71,27.35,44.019333333333336
0.01,44.89,28.41,44.05616666666667
0.0,45.88,28.33,44.093
0.0,39.44,28.03,44.12983333333333
0.0,36.14,28.32,44.166666666666664
0.0,38.46,29.14,44.2035
0.0,34.41,29.83,44.24033333333333
0.0,32.14,29.23,44.277166666666666
0.04,34.3,28.79,44.314
0.09,31.57,28.18,44.350833333333334
0.02,31.87,29.03,44.38766666666667
0.03,36.48,29.29,44.4245
0.16,38.81,29.16,44.461333333333336
0.12,39.22,29.27,44.49816666666667
0.0,38.38,29.5,44.535
0.08,37.66,30.11,44.57183333333333
0.12,35.98,29.98,44.608666666666664
0.01,36.59,28.64,44.6455
0.02,38.41,29.21,44.68233333333333
0.02,33.9,29.63,44.719166666666666
0.01,34.61,30.01,44.756
1.04,40.67,30.09,44.792833333333334
1.84,48.27,29.55,44.82966666666667
0.03,38.63,30.83,44.8665
0.32,40.43,30.0,44.903333333333336
0.12,33.73,30.44,44.94016666666667
0.0,34.46,29.94,44.977000000000004
0.0,30.66,29.68,45.01383333333333
0.0,35.53,29.09,45.050666666666665
0.13,42.21,29.92,45.0875
5.63,55.82,28.57,45.12433333333333
8.48,59.47,28.27,45.16116666666667
8.07,62.47,27.77,45.198
9.94,68.46,26.7,45.234833333333334
11.53,64.77,27.11,45.27166666666667
6.26,62.48,27.62,45.3085
8.84,63.76,26.53,45.345333333333336
0.23,55.71,27.32,45.38216666666667
0.11,51.11,27.77,45.419
0.05,52.24,28.39,45.45583333333333
0.07,49.68,29.4,45.492666666666665
0.01,52.78,28.56,45.5295
0.28,59.27,27.78,45.56633333333333
7.9,70.46,26.2,45.60316666666667
8.27,66.19,25.7,45.64
0.1,55.62,26.89,45.56239130434783
0.0,54.73,26.78,45.48478260869565
0.0,55.35,26.89,45.40717391304348
0.0,58.74,27.55,45.329565217391306
0.13,56.47,28.85,45.25195652173913
4.56,71.44,26.38,45.17434782608696
6.45,79.58,24.51,45.096739130434784
3.83,63.4,26.67,45.01913043478261
0.94,58.34,27.82,44.94152173913044
1.96,62.56,27.85,44.86391304347826
1.91,66.43,27.02,44.78630434782609
0.83,64.13,27.37,44.708695652173915
3.22,65.16,27.18,44.63108695652174
9.18,71.4,26.51,44.55347826086957
2.01,64.28,27.55,44.475869565217394
3.61,68.88,26.86,44.39826086956522
0.3,62.43,27.5,44.32065217391305
0.09,58.9,28.49,44.24304347826087
0.02,58.88,28.55,44.1654347826087
3.32,58.45,28.13,44.087826086956525
1.72,62.42,27.98,44.01021739130435
0.67,70.27,26.84,43.93260869565218
0.66,71.56,26.49,43.855000000000004
4.7,68.97,26.36,43.77739130434783
4.57,71.55,26.49,43.69978260869565
1.28,65.83,27.75,43.622173913043476
13.06,66.98,27.52,43.5445652173913
7.75,79.96,25.19,43.46695652173913
3.3,74.21,25.51,43.389347826086954
3.63,76.17,24.74,43.31173913043478
1.58,69.82,26.39,43.23413043478261
9.25,73.32,26.61,43.15652173913043
1.21,77.7,25.3,43.07891304347826
5.68,73.99,25.62,43.001304347826085
11.71,78.86,24.96,42.92369565217391
1.0,75.66,26.29,42.84608695652174
1.56,77.51,25.82,42.768478260869564
0.6,73.7,25.91,42.69086956521739
1.41,71.1,24.94,42.61326086956522
2.92,74.1,24.73,42.53565217391304
3.49,75.34,24.71,42.45804347826087
2.04,75.29,25.14,42.380434782608695
1.57,75.82,24.76,42.30282608695652
4.26,72.27,24.43,42.22521739130435
2.27,71.81,25.11,42.147608695652174
0.36,71.49,25.92,42.07
0.19,72.49,25.43,41.99239130434783
1.27,70.54,25.57,41.91478260869565
4.15,74.8,25.42,41.83717391304348
2.29,68.52,24.94,41.759565217391305
4.67,75.6,23.83,41.68195652173913
2.8,80.62,23.53,41.60434782608696
2.92,75.69,23.96,41.526739130434784
2.07,71.41,25.04,41.44913043478261
2.41,73.66,25.03,41.371521739130436
1.13,78.72,24.31,41.29391304347826
0.69,73.64,25.16,41.21630434782609
0.16,73.56,24.83,41.138695652173915
0.15,74.05,24.69,41.06108695652174
0.25,74.82,24.49,40.98347826086957
0.62,71.41,25.45,40.905869565217394
2.01,78.95,24.33,40.82826086956522
1.42,79.2,24.38,40.750652173913046
3.93,80.26,24.41,40.67304347826087
3.19,79.76,23.94,40.5954347826087
4.57,81.37,23.88,40.517826086956525
2.16,77.23,24.39,40.440217391304344
1.88,78.53,24.32,40.36260869565217
4.35,80.09,23.6,40.285
4.53,75.2,23.31,40.20739130434782
2.5,69.53,23.91,40.12978260869565
1.62,70.77,24.13,40.052173913043475
7.51,72.33,24.72,39.9745652173913
12.02,80.09,24.06,39.89695652173913
3.23,75.79,23.33,39.819347826086954
2.7,77.46,22.82,39.74173913043478
1.78,75.92,23.28,39.66413043478261
6.67,78.35,22.84,39.58652173913043
8.08,82.15,22.62,39.50891304347826
5.41,81.02,22.91,39.431304347826085
4.92,79.83,23.49,39.35369565217391
9.02,82.38,22.67,39.27608695652174
6.3,78.0,22.86,39.198478260869564
6.78,80.08,23.1,39.12086956521739
5.26,78.33,23.0,39.043260869565216
1.5,81.37,22.64,38.96565217391304
0.16,78.75,23.03,38.88804347826087
0.6,76.63,23.35,38.810434782608695
0.89,77.35,23.71,38.73282608695652
0.33,75.18,23.11,38.65521739130435
0.08,70.72,23.98,38.577608695652174
0.35,73.92,24.59,38.5
1.62,79.1,23.39,38.49804347826087
1.97,81.61,23.26,38.49608695652174
7.87,80.8,22.55,38.49413043478261
6.78,83.73,22.2,38.49217391304348
14.49,81.38,22.64,38.49021739130435
13.94,85.14,22.72,38.48826086956522
51.44,86.16,23.09,38.486304347826085
29.55,85.88,22.82,38.48434782608695
9.24,84.6,22.25,38.48239130434783
2.48,82.1,22.45,38.4804347826087
2.83,80.39,22.61,38.478478260869565
5.56,81.77,22.85,38.47652173913043
6.48,87.1,22.51,38.4745652173913
2.11,83.63,22.62,38.47260869565218
11.5,83.92,22.42,38.470652173913045
6.16,85.86,22.38,38.46869565217391
12.5,89.1,21.95,38.46673913043478
6.46,85.45,22.93,38.46478260869565
8.6,85.34,23.14,38.462826086956525
10.1,88.62,21.81,38.46086956521739
3.23,86.22,22.06,38.45891304347826
2.99,85.56,21.48,38.45695652173913
1.37,85.1,21.72,38.455
2.09,84.46,21.5,38.45304347826087
4.5,82.72,22.18,38.45108695652174
2.29,83.03,22.4,38.44913043478261
2.2,82.5,22.53,38.44717391304348
12.93,85.24,22.61,38.44521739130435
1.28,83.95,21.91,38.443260869565215
1.5,86.49,22.27,38.44130434782609
3.75,89.44,22.08,38.43934782608696
5.2,87.7,22.27,38.43739130434783
6.35,85.21,22.6,38.435434782608695
6.93,86.56,22.01,38.43347826086956
3.04,85.58,22.47,38.43152173913043
2.96,85.3,22.96,38.42956521739131
2.17,83.2,23.05,38.427608695652175
3.88,84.37,22.38,38.42565217391304
1.63,83.83,22.55,38.42369565217391
1.62,84.17,23.54,38.42173913043478
8.38,86.74,23.28,38.419782608695655
4.08,86.77,22.87,38.417826086956524
6.78,85.05,22.58,38.41586956521739
1.42,82.29,23.23,38.41391304347826
4.33,81.04,23.51,38.41195652173913
10.28,81.96,23.36,38.41
5.38,82.83,23.21,38.40804347826087
5.2,84.17,22.95,38.40608695652174
1.78,84.57,22.02,38.40413043478261
0.27,80.85,22.62,38.40217391304348
0.88,79.68,23.96,38.400217391304345
18.27,88.1,22.83,38.39826086956522
19.69,86.43,23.38,38.39630434782609
18.73,86.08,23.14,38.39434782608696
11.26,89.39,22.92,38.392391304347825
3.41,88.56,21.79,38.39043478260869
2.5,81.61,22.84,38.38847826086957
2.13,84.28,23.17,38.38652173913044
4.63,85.14,22.58,38.384565217391305
5.65,88.43,21.63,38.38260869565217
6.04,85.04,22.94,38.38065217391304
4.26,84.63,23.79,38.37869565217391
2.38,82.81,23.92,38.376739130434785
2.68,86.46,23.44,38.374782608695654
3.66,89.64,22.73,38.37282608695652
2.37,86.05,23.19,38.37086956521739
14.05,88.22,22.31,38.36891304347826
7.09,87.3,22.8,38.366956521739134
1.73,87.74,22.9,38.365
0.76,87.45,23.0,38.36304347826087
4.83,87.06,23.3,38.36108695652174
11.01,86.07,23.36,38.35913043478261
10.33,87.05,23.29,38.357173913043475
3.26,87.21,23.53,38.35521739130435
4.21,89.1,22.99,38.35326086956522
15.12,87.59,22.75,38.35130434782609
14.02,88.1,22.37,38.349347826086955
23.76,90.21,22.45,38.34739130434782
7.87,89.2,22.63,38.3454347826087
13.9,89.92,22.49,38.34347826086957
15.61,89.71,21.56,38.341521739130435
10.18,90.22,21.86,38.3395652173913
4.13,89.36,21.8,38.33760869565217
3.11,89.46,21.31,38.33565217391305
5.58,88.04,21.31,38.333695652173915
2.23,88.6,21.8,38.331739130434784
2.58,86.63,21.96,38.32978260869565
1.32,88.8,22.06,38.32782608695652
3.35,86.35,20.98,38.32586956521739
24.37,94.05,20.96,38.323913043478264
7.07,94.44,21.32,38.32195652173913
0.24,81.49,21.91,38.32
0.46,87.01,22.1,38.31804347826087
3.99,87.21,22.6,38.31608695652174
1.31,83.21,23.0,38.31413043478261
0.06,79.68,23.44,38.31217391304348
0.33,81.71,23.79,38.31021739130435
4.99,84.91,22.83,38.30826086956522
7.23,88.53,22.83,38.306304347826085
14.24,90.18,22.89,38.30434782608695
10.92,92.06,22.37,38.30239130434783
4.73,90.12,21.67,38.3004347826087
0.49,87.53,21.07,38.298478260869565
0.1,85.3,21.34,38.296521739130434
2.97,88.8,21.86,38.2945652173913
4.63,88.59,22.32,38.29260869565218
3.57,89.36,22.4,38.290652173913045
0.34,82.6,22.06,38.288695652173914
1.6,87.16,22.28,38.28673913043478
1.41,85.88,22.84,38.28478260869565
4.64,89.05,22.38,38.282826086956526
3.41,88.12,22.52,38.280869565217394
0.79,87.29,21.55,38.27891304347826
0.32,84.96,21.19,38.27695652173913
0.33,86.03,21.55,38.275
0.16,85.65,21.68,38.27304347826087
0.84,84.17,21.14,38.27108695652174
1.83,88.36,21.52,38.26913043478261
0.89,88.55,22.04,38.26717391304348
3.21,88.9,22.1,38.26521739130435
1.47,88.91,22.36,38.263260869565215
18.31,90.31,22.5,38.26130434782609
12.0,91.59,21.22,38.25934782608696
2.89,90.06,21.18,38.25739130434783
0.24,86.01,21.0,38.255434782608695
0.01,84.22,20.43,38.253478260869564
0.0,83.87,19.73,38.25152173913043
0.64,87.52,20.9,38.24956521739131
0.35,85.05,20.77,38.247608695652175
0.2,83.62,20.56,38.245652173913044
0.08,80.13,20.02,38.24369565217391
0.0,81.91,20.9,38.24173913043478
0.0,79.5,21.14,38.239782608695656
0.1,84.68,21.63,38.237826086956524
7.98,89.9,21.31,38.23586956521739
0.78,84.74,21.06,38.23391304347826
0.04,84.45,21.07,38.23195652173913
0.12,81.85,20.92,38.23
0.07,83.44,20.91,38.22804347826087
0.01,82.32,21.37,38.22608695652174
0.0,82.77,21.12,38.22413043478261
0.0,80.8,21.06,38.22217391304348
0.0,79.57,21.27,38.220217391304345
0.0,79.68,20.67,38.21826086956522
0.36,79.07,21.5,38.21630434782609
1.45,84.29,22.47,38.21434782608696
0.18,80.45,23.11,38.212391304347825
0.03,76.98,22.93,38.210434782608694
0.02,76.59,22.02,38.20847826086957
0.01,77.61,22.07,38.20652173913044
0.16,75.92,22.04,38.204565217391306
